Iteration	access_egress_pt_travel	access_egress_pt_wait	bike_travel	bike_wait	car_travel	car_wait	freight_travel	freight_wait	pt_travel	pt_wait	ride_travel	ride_wait	ride_school_bus_travel	ride_school_bus_wait	ride_taxi_travel	ride_taxi_wait	stageActivity_travel	stageActivity_wait	walk_travel	walk_wait
0	124.67388888888888	0.0	220.55305555555555	0.0	11852.191111111111	0.0	288.53	0.0	685.5816666666667	471.0138888888889	3887.6675	0.0	113.38333333333334	0.0	71.7	0.0	0.0	0.0	14314.849166666667	0.0
1	169.71083333333334	0.0	452.10055555555556	0.0	11658.829722222223	0.0	288.2997222222222	0.0	776.5080555555555	579.3347222222222	3817.32	0.0	113.60027777777778	0.0	146.5963888888889	0.0	0.0	0.0	14993.356944444444	0.0
2	184.2397222222222	0.0	648.7511111111111	0.0	11541.861666666666	0.0	286.9436111111111	0.0	802.9825	629.7733333333333	3816.6722222222224	0.0	113.60555555555555	0.0	169.71722222222223	0.0	0.0	0.0	15341.0875	0.0
3	169.3527777777778	0.0	636.8791666666667	0.0	11487.474444444444	0.0	286.40444444444444	0.0	806.0122222222222	596.5416666666666	3813.3702777777776	0.0	113.75805555555556	0.0	173.46916666666667	0.0	0.0	0.0	15899.239444444445	0.0
4	169.18944444444443	0.0	686.585	0.0	11447.093333333334	0.0	297.705	0.0	810.6383333333333	580.7566666666667	3802.4241666666667	0.0	113.87444444444445	0.0	180.97166666666666	0.0	0.0	0.0	16164.019166666667	0.0
5	175.45833333333334	0.0	739.7341666666666	0.0	11483.853055555555	0.0	292.93805555555554	0.0	821.5052777777778	590.7911111111111	3817.0775	0.0	113.68972222222222	0.0	177.95083333333332	0.0	0.0	0.0	15943.0925	0.0
6	173.35694444444445	0.0	864.6383333333333	0.0	11443.615277777777	0.0	293.2925	0.0	802.7733333333333	599.0627777777778	3798.095	0.0	114.08	0.0	190.6977777777778	0.0	0.0	0.0	16118.960277777778	0.0
7	168.70777777777778	0.0	816.6330555555555	0.0	11440.638888888889	0.0	287.26666666666665	0.0	817.2883333333333	605.2	3789.261388888889	0.0	113.98361111111112	0.0	187.18944444444443	0.0	0.0	0.0	16207.60861111111	0.0
8	169.25416666666666	0.0	818.2752777777778	0.0	11362.345277777778	0.0	286.63388888888886	0.0	805.1580555555555	598.9188888888889	3825.1311111111113	0.0	114.36305555555556	0.0	211.09444444444443	0.0	0.0	0.0	16192.685277777779	0.0
9	209.09722222222223	0.0	748.7597222222222	0.0	11318.836111111112	0.0	287.3902777777778	0.0	872.5672222222222	661.7894444444445	3811.9519444444445	0.0	114.20583333333333	0.0	228.27972222222223	0.0	0.0	0.0	16188.1325	0.0
10	240.1725	0.0	806.4430555555556	0.0	11296.389166666666	0.0	289.2397222222222	0.0	871.9838888888889	690.3786111111111	3806.7533333333336	0.0	114.13388888888889	0.0	214.1197222222222	0.0	0.0	0.0	16369.309722222222	0.0
11	221.16361111111112	0.0	936.5661111111111	0.0	11264.450833333334	0.0	292.7916666666667	0.0	834.2080555555556	660.7116666666667	3819.1455555555553	0.0	114.04694444444445	0.0	232.35861111111112	0.0	0.0	0.0	16310.818888888889	0.0
12	207.7913888888889	0.0	1003.3936111111111	0.0	11228.253055555555	0.0	287.6111111111111	0.0	848.0952777777778	644.9983333333333	3832.748888888889	0.0	114.17083333333333	0.0	237.18694444444444	0.0	0.0	0.0	16121.479722222222	0.0
13	233.51583333333335	0.0	945.4655555555555	0.0	11246.64	0.0	286.93944444444446	0.0	890.5375	693.2308333333333	3807.579166666667	0.0	114.20777777777778	0.0	228.00583333333333	0.0	0.0	0.0	16317.345833333333	0.0
14	231.63194444444446	0.0	1082.7794444444444	0.0	11178.912222222221	0.0	284.98527777777775	0.0	873.4891666666666	668.6188888888889	3819.715833333333	0.0	114.32555555555555	0.0	253.0175	0.0	0.0	0.0	16542.95138888889	0.0
15	204.00666666666666	0.0	1198.1686111111112	0.0	11175.630277777778	0.0	285.10805555555555	0.0	821.8213888888889	599.9938888888889	3822.0491666666667	0.0	114.33027777777778	0.0	248.53722222222223	0.0	0.0	0.0	16458.329444444444	0.0
16	220.63472222222222	0.0	1090.6677777777777	0.0	11198.298611111111	0.0	286.5208333333333	0.0	865.1138888888889	637.8961111111112	3798.157222222222	0.0	114.31416666666667	0.0	242.73805555555555	0.0	0.0	0.0	16640.770277777778	0.0
17	206.5702777777778	0.0	976.4769444444445	0.0	11215.219722222222	0.0	284.8252777777778	0.0	868.2680555555555	687.4686111111112	3812.7930555555554	0.0	114.02055555555556	0.0	245.82527777777779	0.0	0.0	0.0	16451.521666666667	0.0
18	208.55527777777777	0.0	1115.8647222222223	0.0	11151.551388888889	0.0	283.0422222222222	0.0	857.7558333333334	635.7622222222222	3856.1741666666667	0.0	114.06138888888889	0.0	244.01055555555556	0.0	0.0	0.0	16424.358888888888	0.0
19	209.4063888888889	0.0	1197.088888888889	0.0	11091.432777777778	0.0	283.27166666666665	0.0	895.1175	661.0488888888889	3849.3077777777776	0.0	114.05972222222222	0.0	244.41027777777776	0.0	0.0	0.0	16464.524444444443	0.0
20	218.41916666666665	0.0	1082.4155555555556	0.0	11173.790277777778	0.0	282.80583333333334	0.0	858.3519444444445	643.4255555555555	3806.882777777778	0.0	114.16444444444444	0.0	258.96444444444444	0.0	0.0	0.0	16352.771388888888	0.0
21	192.01416666666665	0.0	1189.2658333333334	0.0	11146.232222222223	0.0	284.11833333333334	0.0	844.6327777777777	619.8411111111111	3836.7258333333334	0.0	114.08194444444445	0.0	245.8786111111111	0.0	0.0	0.0	16303.218611111111	0.0
22	189.42166666666665	0.0	1139.7727777777777	0.0	11161.704166666666	0.0	285.30694444444447	0.0	847.8638888888889	608.1516666666666	3812.175	0.0	114.27472222222222	0.0	247.815	0.0	0.0	0.0	16474.95888888889	0.0
23	201.3125	0.0	1150.005	0.0	11135.887777777778	0.0	282.63305555555553	0.0	846.8352777777778	633.7541666666667	3824.0202777777777	0.0	114.26138888888889	0.0	260.53027777777777	0.0	0.0	0.0	16360.525833333333	0.0
24	185.67027777777778	0.0	1102.6416666666667	0.0	11133.611111111111	0.0	282.9975	0.0	814.0002777777778	630.6858333333333	3834.68	0.0	114.22444444444444	0.0	238.81583333333333	0.0	0.0	0.0	16627.968333333334	0.0
25	205.3625	0.0	1075.4122222222222	0.0	11107.826666666666	0.0	282.90972222222223	0.0	835.5363888888888	649.4466666666667	3868.246111111111	0.0	114.23416666666667	0.0	260.5833333333333	0.0	0.0	0.0	16300.366944444444	0.0
26	215.5738888888889	0.0	1103.5822222222223	0.0	11095.658611111112	0.0	281.9738888888889	0.0	864.8688888888889	656.2491666666666	3856.4733333333334	0.0	114.23055555555555	0.0	262.05611111111114	0.0	0.0	0.0	16453.920833333334	0.0
27	218.87722222222223	0.0	1146.2005555555556	0.0	11083.77638888889	0.0	281.07	0.0	889.6730555555556	646.6097222222222	3859.4730555555557	0.0	114.32972222222222	0.0	256.4197222222222	0.0	0.0	0.0	16527.783888888887	0.0
28	207.4488888888889	0.0	1132.711388888889	0.0	11142.0225	0.0	281.4863888888889	0.0	850.7683333333333	652.8694444444444	3851.6458333333335	0.0	114.05361111111111	0.0	243.34722222222223	0.0	0.0	0.0	16253.402777777777	0.0
29	205.3738888888889	0.0	1053.0447222222222	0.0	11152.933055555555	0.0	281.0786111111111	0.0	861.4344444444445	715.1330555555555	3840.6402777777776	0.0	114.17666666666666	0.0	242.46666666666667	0.0	0.0	0.0	16321.119722222222	0.0
30	207.81055555555557	0.0	1068.381388888889	0.0	11127.039722222222	0.0	280.5469444444444	0.0	853.3211111111111	681.1644444444445	3856.7808333333332	0.0	114.17861111111111	0.0	239.3961111111111	0.0	0.0	0.0	16344.920555555556	0.0
31	170.48444444444445	0.0	1039.7930555555556	0.0	11113.86	0.0	280.4397222222222	0.0	808.495	636.5236111111111	3875.0325	0.0	114.40777777777778	0.0	270.0511111111111	0.0	0.0	0.0	16163.728888888889	0.0
32	206.31333333333333	0.0	1094.4225	0.0	11518.702777777778	0.0	279.315	0.0	824.4491666666667	675.1069444444445	3828.4719444444445	0.0	111.98194444444445	0.0	228.41333333333333	0.0	0.0	0.0	16039.867222222223	0.0
33	223.7188888888889	0.0	1050.2905555555556	0.0	12102.131944444445	0.0	280.71944444444443	0.0	850.3322222222222	659.8133333333334	3714.883888888889	0.0	107.36583333333333	0.0	199.16083333333333	0.0	0.0	0.0	16110.622222222222	0.0
34	184.6838888888889	0.0	1008.7130555555556	0.0	11349.229722222222	0.0	288.395	0.0	825.0661111111111	615.4572222222222	3814.845277777778	0.0	109.58944444444444	0.0	220.035	0.0	0.0	0.0	16099.363888888889	0.0
35	188.01777777777778	0.0	1027.368611111111	0.0	11277.263333333334	0.0	281.5152777777778	0.0	799.3272222222222	593.8563888888889	3838.8425	0.0	111.19083333333333	0.0	228.12055555555557	0.0	0.0	0.0	15945.358055555556	0.0
36	212.2675	0.0	1047.2519444444445	0.0	11199.561666666666	0.0	281.0913888888889	0.0	788.6436111111111	665.3783333333333	3837.2283333333335	0.0	111.09972222222223	0.0	248.5088888888889	0.0	0.0	0.0	15832.949166666667	0.0
37	230.92777777777778	0.0	1066.4327777777778	0.0	11213.708333333334	0.0	279.11805555555554	0.0	829.8491666666666	674.9836111111111	3836.034722222222	0.0	111.97166666666666	0.0	232.7552777777778	0.0	0.0	0.0	15977.296388888888	0.0
38	190.59222222222223	0.0	1039.7644444444445	0.0	12251.584444444445	0.0	279.84166666666664	0.0	819.2772222222222	613.4155555555556	3684.461388888889	0.0	103.805	0.0	183.08333333333334	0.0	0.0	0.0	16104.9525	0.0
39	210.79	0.0	1107.0875	0.0	11325.885833333334	0.0	279.38666666666666	0.0	850.3608333333333	622.6333333333333	3800.740277777778	0.0	105.50055555555555	0.0	230.7575	0.0	0.0	0.0	15888.6975	0.0
40	180.51444444444445	0.0	995.1713888888889	0.0	11272.326388888889	0.0	280.90055555555557	0.0	820.5452777777778	575.21	3844.5355555555557	0.0	107.34027777777777	0.0	211.28166666666667	0.0	0.0	0.0	15768.157222222222	0.0
41	170.63111111111112	0.0	962.4463888888889	0.0	11270.675555555556	0.0	279.09777777777776	0.0	771.7888888888889	538.9827777777778	3865.7625	0.0	108.22111111111111	0.0	215.395	0.0	0.0	0.0	15557.454444444444	0.0
42	181.35444444444445	0.0	968.7619444444445	0.0	11260.296944444444	0.0	279.42861111111114	0.0	761.4522222222222	604.5983333333334	3835.798888888889	0.0	109.22305555555556	0.0	199.385	0.0	0.0	0.0	15954.9725	0.0
43	165.38666666666666	0.0	953.8277777777778	0.0	11291.480555555556	0.0	277.4975	0.0	775.6133333333333	566.8586111111111	3857.331388888889	0.0	109.11361111111111	0.0	191.05527777777777	0.0	0.0	0.0	15488.903055555556	0.0
44	174.89277777777778	0.0	1067.4305555555557	0.0	11251.027222222223	0.0	275.65277777777777	0.0	747.4716666666667	583.62	3856.307222222222	0.0	109.85555555555555	0.0	202.47	0.0	0.0	0.0	15717.918055555556	0.0
45	185.55277777777778	0.0	1114.766111111111	0.0	11209.21611111111	0.0	275.48027777777776	0.0	758.8680555555555	555.9858333333333	3866.698888888889	0.0	110.85444444444444	0.0	221.43138888888888	0.0	0.0	0.0	15613.669722222223	0.0
46	169.71777777777777	0.0	1022.4211111111111	0.0	11244.748333333333	0.0	278.2472222222222	0.0	776.4747222222222	529.3144444444445	3884.0375	0.0	110.59666666666666	0.0	200.67194444444445	0.0	0.0	0.0	15554.505833333333	0.0
47	186.125	0.0	1073.0575	0.0	11215.684166666666	0.0	278.5466666666667	0.0	808.7075	554.3727777777777	3886.297777777778	0.0	111.45694444444445	0.0	199.8436111111111	0.0	0.0	0.0	15300.604444444445	0.0
48	190.6772222222222	0.0	1034.0352777777778	0.0	11229.238333333333	0.0	281.67083333333335	0.0	760.5216666666666	541.5038888888889	3873.95	0.0	111.39805555555556	0.0	192.94222222222223	0.0	0.0	0.0	15295.883333333333	0.0
49	168.5613888888889	0.0	942.8527777777778	0.0	12140.791666666666	0.0	281.0425	0.0	778.3888888888889	555.4872222222223	3764.4622222222224	0.0	106.49833333333333	0.0	162.14888888888888	0.0	0.0	0.0	15918.763333333334	0.0
50	178.07805555555555	0.0	994.1630555555555	0.0	11295.570833333333	0.0	278.15194444444444	0.0	704.1905555555555	496.09305555555557	3862.0275	0.0	107.75972222222222	0.0	206.0102777777778	0.0	0.0	0.0	15610.12638888889	0.0
51	158.7263888888889	0.0	926.9705555555555	0.0	11320.391666666666	0.0	278.24194444444447	0.0	743.6527777777778	519.0808333333333	3854.278333333333	0.0	107.33944444444444	0.0	199.76888888888888	0.0	0.0	0.0	15797.343333333334	0.0
52	199.61805555555554	0.0	960.9408333333333	0.0	11264.068333333333	0.0	277.2897222222222	0.0	788.0238888888889	538.2066666666667	3849.998888888889	0.0	107.94027777777778	0.0	211.37916666666666	0.0	0.0	0.0	15487.996111111112	0.0
53	158.245	0.0	992.2747222222222	0.0	11255.013888888889	0.0	277.8425	0.0	774.9077777777778	524.4613888888889	3853.0505555555555	0.0	108.62361111111112	0.0	202.77055555555555	0.0	0.0	0.0	15475.040277777778	0.0
54	155.67388888888888	0.0	935.2294444444444	0.0	11302.767222222223	0.0	279.7291666666667	0.0	754.0972222222222	557.9	3850.4694444444444	0.0	109.26388888888889	0.0	200.0613888888889	0.0	0.0	0.0	15295.928333333333	0.0
55	159.0875	0.0	922.2872222222222	0.0	11253.8425	0.0	278.0472222222222	0.0	735.4277777777778	518.3527777777778	3899.174722222222	0.0	109.28861111111111	0.0	175.27277777777778	0.0	0.0	0.0	15363.7675	0.0
56	153.82972222222222	0.0	873.5119444444445	0.0	11320.73111111111	0.0	276.425	0.0	734.675	476.7713888888889	3867.5694444444443	0.0	110.37833333333333	0.0	198.80833333333334	0.0	0.0	0.0	15221.62611111111	0.0
57	157.84333333333333	0.0	925.7183333333334	0.0	11268.909166666666	0.0	281.5180555555556	0.0	711.1788888888889	487.45166666666665	3876.3952777777777	0.0	110.43833333333333	0.0	210.71833333333333	0.0	0.0	0.0	15294.005555555555	0.0
58	179.0511111111111	0.0	994.2961111111111	0.0	11231.198055555555	0.0	275.1191666666667	0.0	741.1030555555556	499.10277777777776	3900.108333333333	0.0	109.80666666666667	0.0	182.2411111111111	0.0	0.0	0.0	15299.24	0.0
59	154.78472222222223	0.0	979.1972222222222	0.0	11264.260555555555	0.0	275.1947222222222	0.0	733.9355555555555	496.8258333333333	3895.7166666666667	0.0	110.0411111111111	0.0	198.09416666666667	0.0	0.0	0.0	14980.000277777777	0.0
60	154.17055555555555	0.0	968.3463888888889	0.0	11262.884722222223	0.0	275.9238888888889	0.0	726.6433333333333	503.99916666666667	3923.8269444444445	0.0	110.6325	0.0	166.8788888888889	0.0	0.0	0.0	14975.921666666667	0.0
61	166.83805555555554	0.0	977.8169444444444	0.0	11215.7325	0.0	275.0202777777778	0.0	760.6997222222222	540.675	3917.6116666666667	0.0	110.96555555555555	0.0	179.44861111111112	0.0	0.0	0.0	15166.085	0.0
62	155.85694444444445	0.0	958.6827777777778	0.0	11242.523055555555	0.0	274.6763888888889	0.0	698.5558333333333	487.5622222222222	3923.5405555555553	0.0	110.75361111111111	0.0	170.37055555555557	0.0	0.0	0.0	15353.861111111111	0.0
63	162.93472222222223	0.0	1041.2605555555556	0.0	11265.908333333333	0.0	275.00166666666667	0.0	682.8066666666666	483.8186111111111	3905.6252777777777	0.0	111.91305555555556	0.0	178.93583333333333	0.0	0.0	0.0	14905.9425	0.0
64	146.34944444444446	0.0	978.1202777777778	0.0	11258.012777777778	0.0	277.505	0.0	684.0469444444444	458.04583333333335	3908.088888888889	0.0	112.06888888888889	0.0	190.71083333333334	0.0	0.0	0.0	15231.454722222223	0.0
65	147.04527777777778	0.0	922.8044444444445	0.0	11262.294444444444	0.0	275.2375	0.0	711.9322222222222	511.2730555555556	3929.532222222222	0.0	110.53083333333333	0.0	175.43	0.0	0.0	0.0	15054.847222222223	0.0
66	138.11944444444444	0.0	1038.5055555555555	0.0	11620.51638888889	0.0	275.5336111111111	0.0	676.3355555555555	477.98277777777776	3897.0661111111112	0.0	108.12916666666666	0.0	167.39444444444445	0.0	0.0	0.0	14863.760555555555	0.0
67	132.0911111111111	0.0	961.0402777777778	0.0	11301.371388888889	0.0	274.6286111111111	0.0	676.8527777777778	437.51444444444445	3942.9430555555555	0.0	109.18222222222222	0.0	161.12916666666666	0.0	0.0	0.0	15114.58	0.0
68	130.2536111111111	0.0	934.4177777777778	0.0	11338.589166666667	0.0	274.77916666666664	0.0	685.1041666666666	453.805	3900.0005555555554	0.0	109.8236111111111	0.0	167.26194444444445	0.0	0.0	0.0	14964.306944444445	0.0
69	123.86361111111111	0.0	1064.075	0.0	11266.55388888889	0.0	273.61944444444447	0.0	660.0219444444444	455.02472222222224	3925.3	0.0	110.50111111111111	0.0	162.1838888888889	0.0	0.0	0.0	15052.656944444445	0.0
70	149.0811111111111	0.0	795.8136111111111	0.0	11284.210833333333	0.0	273.02222222222224	0.0	714.6947222222223	492.8886111111111	3936.4319444444445	0.0	110.86972222222222	0.0	173.95333333333335	0.0	0.0	0.0	14865.287222222221	0.0
71	162.33666666666667	0.0	888.2352777777778	0.0	12359.224444444444	0.0	273.90472222222223	0.0	712.455	546.2544444444444	3778.2294444444447	0.0	105.96277777777777	0.0	134.17805555555555	0.0	0.0	0.0	14743.555277777778	0.0
72	135.35583333333332	0.0	977.4622222222222	0.0	11330.921388888888	0.0	272.86944444444447	0.0	699.4733333333334	449.98277777777776	3863.54	0.0	107.44472222222223	0.0	167.4311111111111	0.0	0.0	0.0	14983.560277777779	0.0
73	140.2686111111111	0.0	1043.6155555555556	0.0	11309.589722222223	0.0	272.3519444444444	0.0	690.8602777777778	505.82944444444445	3867.8866666666668	0.0	107.89611111111111	0.0	161.23416666666665	0.0	0.0	0.0	14932.423611111111	0.0
74	141.04861111111111	0.0	999.5047222222222	0.0	11505.818333333333	0.0	272.79083333333335	0.0	719.7586111111111	438.3252777777778	3857.101388888889	0.0	106.91333333333333	0.0	162.73194444444445	0.0	0.0	0.0	14847.778055555556	0.0
75	136.70277777777778	0.0	1023.4372222222222	0.0	11304.245277777778	0.0	273.0863888888889	0.0	675.7580555555555	488.6933333333333	3893.8919444444446	0.0	107.75472222222223	0.0	176.23555555555555	0.0	0.0	0.0	14869.789444444445	0.0
76	117.51583333333333	0.0	914.0027777777777	0.0	11305.509444444444	0.0	273.1388888888889	0.0	651.7311111111111	453.51222222222225	3912.2727777777777	0.0	107.89888888888889	0.0	169.855	0.0	0.0	0.0	14755.483055555556	0.0
77	123.05111111111111	0.0	949.0055555555556	0.0	11270.355833333333	0.0	274.1458333333333	0.0	616.9488888888889	420.29833333333335	3931.201666666667	0.0	108.77	0.0	174.47305555555556	0.0	0.0	0.0	14837.608888888888	0.0
78	132.41416666666666	0.0	1009.1444444444444	0.0	11258.16138888889	0.0	274.38444444444445	0.0	634.8388888888888	433.13916666666665	3932.992222222222	0.0	108.47888888888889	0.0	169.3863888888889	0.0	0.0	0.0	14804.842222222222	0.0
79	132.855	0.0	957.1191666666666	0.0	11293.399444444445	0.0	274.8052777777778	0.0	667.9841666666666	426.0877777777778	3953.735277777778	0.0	109.28666666666666	0.0	157.17472222222221	0.0	0.0	0.0	14502.493333333334	0.0
80	133.89527777777778	0.0	1017.4666666666667	0.0	11285.511944444444	0.0	276.0105555555556	0.0	663.2627777777777	447.75944444444445	3906.5775	0.0	109.02888888888889	0.0	182.4086111111111	0.0	0.0	0.0	14764.698888888888	0.0
81	142.11416666666668	0.0	992.8527777777778	0.0	11249.298333333334	0.0	273.9816666666667	0.0	660.2405555555556	450.7775	3944.766111111111	0.0	109.08833333333334	0.0	170.66611111111112	0.0	0.0	0.0	14781.550555555556	0.0
82	128.62944444444443	0.0	924.6213888888889	0.0	11287.058333333332	0.0	273.6897222222222	0.0	636.6638888888889	425.37944444444446	3949.1266666666666	0.0	108.71083333333333	0.0	161.9936111111111	0.0	0.0	0.0	14652.740555555556	0.0
83	140.18916666666667	0.0	966.8505555555555	0.0	11298.53388888889	0.0	271.2811111111111	0.0	648.8672222222223	428.99055555555555	3933.621111111111	0.0	108.2825	0.0	153.65166666666667	0.0	0.0	0.0	14686.693333333333	0.0
84	140.91	0.0	913.5813888888889	0.0	11284.202777777778	0.0	272.09194444444444	0.0	660.5977777777778	401.22222222222223	3943.9808333333335	0.0	108.09861111111111	0.0	152.49972222222223	0.0	0.0	0.0	14649.213333333333	0.0
85	131.95805555555555	0.0	925.1113888888889	0.0	11296.563333333334	0.0	273.68	0.0	627.5816666666667	378.71	3934.47	0.0	108.98972222222223	0.0	163.1197222222222	0.0	0.0	0.0	14807.33861111111	0.0
86	154.42	0.0	970.1325	0.0	11275.111111111111	0.0	272.1986111111111	0.0	661.3697222222222	426.57055555555553	3935.8016666666667	0.0	109.4025	0.0	146.93666666666667	0.0	0.0	0.0	14684.983888888888	0.0
87	122.10527777777777	0.0	993.7633333333333	0.0	11295.588055555556	0.0	272.7452777777778	0.0	612.3338888888889	386.24055555555555	3931.7947222222224	0.0	109.34027777777777	0.0	155.6013888888889	0.0	0.0	0.0	14656.299722222222	0.0
88	136.75416666666666	0.0	914.1655555555556	0.0	11289.663333333334	0.0	273.09583333333336	0.0	601.1216666666667	438.9822222222222	3936.431111111111	0.0	109.99444444444444	0.0	141.42833333333334	0.0	0.0	0.0	14878.400833333333	0.0
89	115.20333333333333	0.0	941.4169444444444	0.0	12561.8975	0.0	271.79277777777776	0.0	580.8183333333334	377.0316666666667	3715.0280555555555	0.0	99.03833333333333	0.0	116.31555555555556	0.0	0.0	0.0	14590.091666666667	0.0
90	136.39555555555555	0.0	913.6722222222222	0.0	11350.753333333334	0.0	277.11861111111114	0.0	624.9433333333334	420.7033333333333	3880.5369444444445	0.0	102.90583333333333	0.0	154.87055555555557	0.0	0.0	0.0	14636.275	0.0
91	147.93722222222223	0.0	953.0458333333333	0.0	11327.080555555556	0.0	274.1797222222222	0.0	629.4908333333333	392.1933333333333	3873.496111111111	0.0	104.43083333333334	0.0	161.32722222222222	0.0	0.0	0.0	14454.871388888889	0.0
92	148.9713888888889	0.0	1009.3211111111111	0.0	11289.258055555556	0.0	272.01694444444445	0.0	643.8619444444445	398.8283333333333	3869.5155555555557	0.0	103.64694444444444	0.0	168.56194444444444	0.0	0.0	0.0	14676.780555555555	0.0
93	125.79805555555555	0.0	882.2925	0.0	11280.51638888889	0.0	272.43944444444446	0.0	598.2477777777777	358.6486111111111	3932.989722222222	0.0	104.95583333333333	0.0	149.0475	0.0	0.0	0.0	14733.999722222223	0.0
94	130.45527777777778	0.0	938.9216666666666	0.0	11312.972222222223	0.0	271.0511111111111	0.0	598.1675	435.5180555555556	3922.1827777777776	0.0	104.25722222222223	0.0	136.19361111111112	0.0	0.0	0.0	14526.966944444444	0.0
95	107.96277777777777	0.0	1029.9547222222222	0.0	11266.230555555556	0.0	271.45222222222225	0.0	585.5419444444444	362.6972222222222	3931.6052777777777	0.0	105.32305555555556	0.0	150.69444444444446	0.0	0.0	0.0	14631.950277777778	0.0
96	109.31027777777778	0.0	981.3091666666667	0.0	11268.947222222223	0.0	278.4172222222222	0.0	590.5177777777777	353.97	3944.3997222222224	0.0	105.65555555555555	0.0	168.31	0.0	0.0	0.0	14281.923055555555	0.0
97	108.12944444444445	0.0	896.3786111111111	0.0	11291.5725	0.0	272.0961111111111	0.0	562.6780555555556	342.1536111111111	3964.2838888888887	0.0	106.36277777777778	0.0	148.61638888888888	0.0	0.0	0.0	14360.171944444444	0.0
98	116.235	0.0	914.6291666666667	0.0	11246.26638888889	0.0	273.5413888888889	0.0	585.9908333333333	379.90222222222224	3957.9880555555555	0.0	107.90444444444445	0.0	159.25416666666666	0.0	0.0	0.0	14531.562222222223	0.0
99	115.70833333333333	0.0	996.5197222222222	0.0	12260.952222222222	0.0	276.26972222222224	0.0	567.4691666666666	353.35805555555555	3792.3541666666665	0.0	102.89916666666667	0.0	116.465	0.0	0.0	0.0	14560.267777777777	0.0
100	95.94638888888889	0.0	908.7225	0.0	11307.465	0.0	275.99	0.0	561.5586111111111	334.0711111111111	3888.016666666667	0.0	104.09388888888888	0.0	148.0872222222222	0.0	0.0	0.0	14489.78388888889	0.0
101	124.48138888888889	0.0	938.1075	0.0	11270.905277777778	0.0	276.2002777777778	0.0	589.9161111111111	341.2211111111111	3925.2161111111113	0.0	105.15583333333333	0.0	148.4561111111111	0.0	0.0	0.0	14360.159722222223	0.0
102	104.12444444444445	0.0	1006.7302777777778	0.0	11266.313055555556	0.0	275.8908333333333	0.0	564.8558333333333	325.97277777777776	3947.9397222222224	0.0	105.68527777777778	0.0	139.13055555555556	0.0	0.0	0.0	14301.240277777777	0.0
103	130.88305555555556	0.0	975.1675	0.0	11248.478055555555	0.0	272.4819444444444	0.0	579.7708333333334	358.1461111111111	3960.565	0.0	104.68972222222222	0.0	146.6338888888889	0.0	0.0	0.0	14317.476666666667	0.0
104	128.4802777777778	0.0	928.2188888888888	0.0	11280.188333333334	0.0	273.2297222222222	0.0	582.5952777777778	414.4375	3941.429722222222	0.0	105.6675	0.0	136.34555555555556	0.0	0.0	0.0	14435.073333333334	0.0
105	112.74055555555556	0.0	1000.5588888888889	0.0	11244.991944444444	0.0	270.6802777777778	0.0	566.3480555555556	359.01416666666665	3944.9480555555556	0.0	105.96138888888889	0.0	157.25583333333333	0.0	0.0	0.0	14358.047222222222	0.0
106	115.87472222222222	0.0	994.3636111111111	0.0	11266.920833333334	0.0	271.74916666666667	0.0	540.0002777777778	332.47777777777776	3938.353611111111	0.0	106.64472222222223	0.0	153.7125	0.0	0.0	0.0	14350.884444444444	0.0
107	110.75277777777778	0.0	940.1897222222223	0.0	11229.932777777778	0.0	270.6327777777778	0.0	547.5297222222222	339.3702777777778	3970.199722222222	0.0	106.67444444444445	0.0	155.82916666666668	0.0	0.0	0.0	14475.060277777779	0.0
108	116.97833333333334	0.0	883.5094444444444	0.0	12230.034166666666	0.0	270.0283333333333	0.0	555.0358333333334	356.67055555555555	3804.3258333333333	0.0	99.99805555555555	0.0	121.58638888888889	0.0	0.0	0.0	14416.031666666666	0.0
109	115.50527777777778	0.0	921.4552777777777	0.0	11312.303333333333	0.0	272.33472222222224	0.0	558.0019444444445	370.40555555555557	3903.2116666666666	0.0	103.30916666666667	0.0	134.87722222222223	0.0	0.0	0.0	14380.56361111111	0.0
110	116.76444444444445	0.0	966.3402777777778	0.0	11283.823888888888	0.0	271.92861111111114	0.0	560.5544444444445	349.84055555555557	3919.8455555555556	0.0	103.36972222222222	0.0	141.84472222222223	0.0	0.0	0.0	14304.959444444445	0.0
111	112.89277777777778	0.0	919.5797222222222	0.0	11287.048888888889	0.0	272.4036111111111	0.0	558.9813888888889	358.5588888888889	3929.2213888888887	0.0	105.7063888888889	0.0	134.22083333333333	0.0	0.0	0.0	14277.593333333334	0.0
112	104.81777777777778	0.0	991.9713888888889	0.0	11260.257222222222	0.0	272.03694444444443	0.0	578.0702777777777	355.0275	3919.8016666666667	0.0	106.10388888888889	0.0	160.93583333333333	0.0	0.0	0.0	14265.413055555555	0.0
113	116.47722222222222	0.0	1078.4497222222221	0.0	11240.400277777779	0.0	274.4688888888889	0.0	562.2302777777778	363.86583333333334	3936.134722222222	0.0	106.06194444444445	0.0	140.03444444444443	0.0	0.0	0.0	14364.510277777777	0.0
114	115.64694444444444	0.0	952.1180555555555	0.0	11256.380833333333	0.0	272.24194444444447	0.0	571.8355555555555	342.47583333333336	3932.5969444444445	0.0	106.53666666666666	0.0	146.39888888888888	0.0	0.0	0.0	14343.744722222222	0.0
115	110.06555555555556	0.0	1032.5436111111112	0.0	11220.900833333333	0.0	270.9263888888889	0.0	556.0419444444444	363.58166666666665	3948.875	0.0	107.27222222222223	0.0	147.87222222222223	0.0	0.0	0.0	14247.412777777778	0.0
116	104.75138888888888	0.0	907.9244444444445	0.0	11281.880277777778	0.0	270.90833333333336	0.0	584.6155555555556	352.3327777777778	3926.1941666666667	0.0	106.09027777777777	0.0	148.85666666666665	0.0	0.0	0.0	14189.918333333333	0.0
117	123.77944444444445	0.0	933.1744444444445	0.0	11259.843333333334	0.0	271.3977777777778	0.0	581.6805555555555	372.77222222222224	3933.8625	0.0	106.4713888888889	0.0	153.60666666666665	0.0	0.0	0.0	14197.501666666667	0.0
118	110.93805555555555	0.0	938.9980555555555	0.0	11279.097777777777	0.0	283.8186111111111	0.0	543.6675	351.6336111111111	3951.8655555555556	0.0	105.35638888888889	0.0	146.36138888888888	0.0	0.0	0.0	14207.795555555556	0.0
119	116.06055555555555	0.0	1000.1275	0.0	11288.103888888889	0.0	280.0375	0.0	571.7272222222222	364.6986111111111	3933.1530555555555	0.0	106.3086111111111	0.0	142.00083333333333	0.0	0.0	0.0	14316.317777777778	0.0
120	105.27944444444445	0.0	929.8411111111111	0.0	11290.342777777778	0.0	275.2161111111111	0.0	566.4211111111111	343.42083333333335	3960.9908333333333	0.0	104.43	0.0	134.38611111111112	0.0	0.0	0.0	14083.735555555555	0.0
121	101.8925	0.0	882.1238888888889	0.0	11294.746944444445	0.0	280.44194444444446	0.0	514.5577777777778	314.51194444444445	3950.652777777778	0.0	104.92194444444445	0.0	147.32833333333335	0.0	0.0	0.0	14197.208611111111	0.0
122	93.80388888888889	0.0	938.6811111111111	0.0	11248.324722222222	0.0	271.88388888888886	0.0	508.26222222222225	305.25666666666666	3988.8902777777776	0.0	106.17416666666666	0.0	135.22972222222222	0.0	0.0	0.0	14365.344722222222	0.0
123	95.00444444444445	0.0	891.3411111111111	0.0	11253.85	0.0	272.48527777777775	0.0	502.7108333333333	296.6711111111111	4001.548888888889	0.0	105.97694444444444	0.0	139.04083333333332	0.0	0.0	0.0	14132.968611111111	0.0
124	106.90805555555555	0.0	941.4022222222222	0.0	11240.293055555556	0.0	272.8963888888889	0.0	518.4752777777778	322.2583333333333	3993.626388888889	0.0	106.34972222222223	0.0	137.2575	0.0	0.0	0.0	14260.772222222222	0.0
125	120.49805555555555	0.0	927.7847222222222	0.0	11254.3625	0.0	270.4313888888889	0.0	542.1552777777778	325.22805555555556	3960.572222222222	0.0	107.65666666666667	0.0	138.92555555555555	0.0	0.0	0.0	14202.8225	0.0
126	121.04527777777778	0.0	979.3425	0.0	11224.643055555556	0.0	271.21527777777777	0.0	565.9066666666666	359.59944444444443	3967.991111111111	0.0	107.09194444444445	0.0	130.71305555555554	0.0	0.0	0.0	14263.0825	0.0
127	112.88638888888889	0.0	938.4816666666667	0.0	11212.41	0.0	274.40194444444444	0.0	571.4525	379.42555555555555	3945.0580555555557	0.0	105.90333333333334	0.0	144.3036111111111	0.0	0.0	0.0	14539.203611111112	0.0
128	88.0225	0.0	970.3672222222223	0.0	12470.106666666667	0.0	269.9741666666667	0.0	515.1675	313.01972222222224	3784.9419444444443	0.0	100.12416666666667	0.0	110.42833333333333	0.0	0.0	0.0	14074.799722222222	0.0
129	106.09361111111112	0.0	991.9347222222223	0.0	11227.325833333334	0.0	269.0908333333333	0.0	511.2836111111111	307.45	3938.1680555555554	0.0	104.385	0.0	143.4752777777778	0.0	0.0	0.0	14212.977222222222	0.0
130	103.26305555555555	0.0	1017.9355555555555	0.0	11204.728055555555	0.0	268.0275	0.0	516.725	302.2063888888889	3977.6505555555555	0.0	103.99	0.0	134.38	0.0	0.0	0.0	14221.714444444444	0.0
131	91.06055555555555	0.0	942.5030555555555	0.0	11232.359166666667	0.0	270.1022222222222	0.0	532.2544444444444	290.69416666666666	3969.803888888889	0.0	102.9113888888889	0.0	148.67666666666668	0.0	0.0	0.0	14041.043055555556	0.0
132	99.97583333333333	0.0	893.9408333333333	0.0	11235.884166666667	0.0	270.23527777777775	0.0	549.5077777777777	306.2033333333333	3945.072777777778	0.0	103.605	0.0	115.63916666666667	0.0	0.0	0.0	14209.919722222223	0.0
133	99.2425	0.0	988.305	0.0	11221.513055555555	0.0	269.43416666666667	0.0	521.2541666666667	298.34194444444444	3960.9841666666666	0.0	103.72472222222223	0.0	143.92166666666665	0.0	0.0	0.0	14024.63	0.0
134	99.78527777777778	0.0	889.9327777777778	0.0	11246.872222222222	0.0	270.2536111111111	0.0	506.22083333333336	327.9602777777778	3957.12	0.0	104.69027777777778	0.0	140.1611111111111	0.0	0.0	0.0	14073.836388888889	0.0
135	98.29694444444445	0.0	962.2233333333334	0.0	11205.144444444444	0.0	270.86027777777775	0.0	492.4586111111111	306.5541666666667	3977.4130555555557	0.0	105.22083333333333	0.0	146.3436111111111	0.0	0.0	0.0	14046.53	0.0
136	101.9786111111111	0.0	982.3041666666667	0.0	11197.798888888889	0.0	272.3147222222222	0.0	534.9413888888889	305.3877777777778	3989.2033333333334	0.0	105.91388888888889	0.0	129.69666666666666	0.0	0.0	0.0	14130.926944444445	0.0
137	106.75166666666667	0.0	1003.4716666666667	0.0	11192.990277777777	0.0	273.97083333333336	0.0	519.5905555555555	308.99583333333334	3981.8263888888887	0.0	106.8925	0.0	146.36805555555554	0.0	0.0	0.0	14212.915833333333	0.0
138	104.23083333333334	0.0	955.655	0.0	11200.634166666667	0.0	272.16194444444443	0.0	521.5322222222222	278.1508333333333	3994.887777777778	0.0	106.56055555555555	0.0	134.87583333333333	0.0	0.0	0.0	14186.230277777779	0.0
139	97.88916666666667	0.0	1005.3152777777777	0.0	11192.1925	0.0	272.1413888888889	0.0	507.4825	305.51944444444445	4004.1358333333333	0.0	106.30416666666666	0.0	139.1225	0.0	0.0	0.0	14057.3375	0.0
140	91.67472222222223	0.0	969.4119444444444	0.0	11220.771388888888	0.0	272.64222222222224	0.0	507.39444444444445	288.67805555555555	4001.599722222222	0.0	105.66472222222222	0.0	140.49583333333334	0.0	0.0	0.0	13908.727777777778	0.0
141	120.61888888888889	0.0	946.9255555555555	0.0	11210.066388888888	0.0	272.2286111111111	0.0	548.6397222222222	349.5183333333333	3978.4880555555555	0.0	105.78472222222223	0.0	145.56944444444446	0.0	0.0	0.0	14073.611388888889	0.0
142	94.37972222222223	0.0	1013.8327777777778	0.0	11171.0825	0.0	271.65055555555557	0.0	521.4902777777778	292.3772222222222	3962.6305555555555	0.0	106.24	0.0	163.97972222222222	0.0	0.0	0.0	14258.378055555555	0.0
143	93.43333333333334	0.0	969.5038888888889	0.0	11198.73111111111	0.0	269.43638888888887	0.0	490.2583333333333	314.7388888888889	3998.035277777778	0.0	106.29666666666667	0.0	141.45333333333335	0.0	0.0	0.0	14035.531111111111	0.0
144	111.37027777777777	0.0	1020.3688888888889	0.0	11181.855833333333	0.0	268.50194444444446	0.0	498.1625	346.58916666666664	4004.400833333333	0.0	105.12972222222223	0.0	141.77083333333334	0.0	0.0	0.0	13859.751944444444	0.0
145	98.7775	0.0	994.6811111111111	0.0	11189.674444444445	0.0	268.71944444444443	0.0	481.7416666666667	279.7108333333333	4010.9955555555557	0.0	105.39472222222223	0.0	124.27944444444445	0.0	0.0	0.0	14083.9275	0.0
146	97.25	0.0	1035.221388888889	0.0	11206.374444444444	0.0	267.5230555555556	0.0	510.34694444444443	282.4747222222222	3998.7541666666666	0.0	105.57472222222222	0.0	132.26305555555555	0.0	0.0	0.0	13972.454444444444	0.0
147	80.62972222222223	0.0	951.5202777777778	0.0	12473.868888888888	0.0	265.62805555555553	0.0	509.9302777777778	300.6325	3793.8683333333333	0.0	98.85194444444444	0.0	96.35916666666667	0.0	0.0	0.0	13937.240833333333	0.0
148	106.35	0.0	1001.455	0.0	11217.0375	0.0	266.29555555555555	0.0	541.8138888888889	320.3386111111111	3919.5152777777776	0.0	100.9113888888889	0.0	133.06944444444446	0.0	0.0	0.0	13996.6775	0.0
149	93.74944444444445	0.0	1053.27	0.0	12332.413055555555	0.0	266.95916666666665	0.0	497.4922222222222	303.0275	3756.4769444444446	0.0	94.25	0.0	101.15388888888889	0.0	0.0	0.0	13958.031944444445	0.0
150	95.505	0.0	1047.6530555555555	0.0	11247.951666666666	0.0	266.44388888888886	0.0	507.02166666666665	317.5441666666667	3878.288888888889	0.0	99.46722222222222	0.0	132.12	0.0	0.0	0.0	13989.553055555556	0.0
151	95.625	0.0	1021.4191666666667	0.0	11227.592222222222	0.0	265.5622222222222	0.0	519.6480555555555	318.70722222222224	3890.525277777778	0.0	101.3225	0.0	146.23416666666665	0.0	0.0	0.0	13868.754722222222	0.0
152	88.21916666666667	0.0	1015.8058333333333	0.0	11235.329166666666	0.0	265.4963888888889	0.0	482.0852777777778	282.52472222222224	3916.363888888889	0.0	102.30277777777778	0.0	132.3275	0.0	0.0	0.0	13854.770833333334	0.0
153	94.79	0.0	998.9936111111111	0.0	11229.153888888888	0.0	263.82722222222225	0.0	446.0111111111111	283.7158333333333	3958.776388888889	0.0	102.09166666666667	0.0	131.16222222222223	0.0	0.0	0.0	13754.102222222222	0.0
154	121.97611111111111	0.0	855.1236111111111	0.0	11229.834444444445	0.0	265.1636111111111	0.0	501.5875	312.9816666666667	3951.6766666666667	0.0	102.1825	0.0	134.34333333333333	0.0	0.0	0.0	14029.329444444444	0.0
155	82.50638888888889	0.0	1041.5455555555557	0.0	11213.484722222222	0.0	268.5925	0.0	461.28555555555556	258.65527777777777	3981.105	0.0	104.36972222222222	0.0	124.0625	0.0	0.0	0.0	13938.903333333334	0.0
156	98.11027777777778	0.0	1031.5791666666667	0.0	11221.830277777777	0.0	266.93833333333333	0.0	494.68416666666667	300.7586111111111	3945.803888888889	0.0	103.43833333333333	0.0	138.34194444444444	0.0	0.0	0.0	13885.503055555555	0.0
157	94.71305555555556	0.0	916.785	0.0	11231.038333333334	0.0	265.52944444444444	0.0	468.8175	291.00083333333333	3948.0758333333333	0.0	104.7286111111111	0.0	143.0872222222222	0.0	0.0	0.0	13890.311944444444	0.0
158	75.85666666666667	0.0	1053.4027777777778	0.0	11200.047222222222	0.0	264.78583333333336	0.0	470.81444444444446	286.39916666666664	3968.3502777777776	0.0	104.16166666666666	0.0	133.78472222222223	0.0	0.0	0.0	13858.488055555556	0.0
159	100.4825	0.0	1058.986388888889	0.0	11197.252777777778	0.0	266.40444444444444	0.0	480.11083333333335	295.73583333333335	3981.6025	0.0	104.70333333333333	0.0	118.95111111111112	0.0	0.0	0.0	14005.978333333333	0.0
160	115.11305555555556	0.0	992.5622222222222	0.0	11192.980555555556	0.0	263.8825	0.0	467.3327777777778	304.8641666666667	3974.3455555555556	0.0	106.00916666666667	0.0	140.32416666666666	0.0	0.0	0.0	13950.66111111111	0.0
161	74.98611111111111	0.0	1038.1472222222221	0.0	12527.18611111111	0.0	266.01444444444445	0.0	442.4825	266.0375	3764.1305555555555	0.0	96.26305555555555	0.0	95.03527777777778	0.0	0.0	0.0	13995.93888888889	0.0
162	72.51583333333333	0.0	947.6525	0.0	11266.345833333333	0.0	265.6875	0.0	451.5522222222222	267.58166666666665	3914.1091666666666	0.0	100.80611111111111	0.0	127.37527777777778	0.0	0.0	0.0	13911.610833333334	0.0
163	76.93166666666667	0.0	1061.0422222222223	0.0	11223.819444444445	0.0	265.02666666666664	0.0	437.76416666666665	258.29305555555555	3916.7825	0.0	99.69416666666666	0.0	139.46083333333334	0.0	0.0	0.0	13922.673888888889	0.0
164	97.95027777777777	0.0	1054.7094444444444	0.0	11203.835	0.0	264.4888888888889	0.0	502.93694444444446	304.4144444444444	3910.5022222222224	0.0	103.59916666666666	0.0	147.2136111111111	0.0	0.0	0.0	13970.778055555556	0.0
165	87.30305555555556	0.0	995.2105555555555	0.0	11219.299722222222	0.0	264.1525	0.0	461.37333333333333	301.9511111111111	3907.463333333333	0.0	102.05055555555556	0.0	151.59083333333334	0.0	0.0	0.0	13842.76861111111	0.0
166	100.8236111111111	0.0	1059.9422222222222	0.0	11205.745555555555	0.0	262.2322222222222	0.0	490.3475	268.37	3930.831388888889	0.0	101.90305555555555	0.0	138.92916666666667	0.0	0.0	0.0	13810.495	0.0
167	87.85277777777777	0.0	987.5322222222222	0.0	11229.898888888889	0.0	262.53472222222223	0.0	473.5575	288.8861111111111	3963.6272222222224	0.0	101.56555555555556	0.0	125.185	0.0	0.0	0.0	13659.200833333334	0.0
168	94.94944444444444	0.0	1015.2394444444444	0.0	11210.215	0.0	262.62416666666667	0.0	466.2841666666667	285.30944444444447	3922.836111111111	0.0	101.39777777777778	0.0	140.4075	0.0	0.0	0.0	13832.666111111112	0.0
169	83.03055555555555	0.0	1100.6008333333334	0.0	11219.660555555556	0.0	261.71777777777777	0.0	479.5511111111111	313.4675	3903.5730555555556	0.0	101.51694444444445	0.0	129.1313888888889	0.0	0.0	0.0	13887.44	0.0
170	94.05805555555555	0.0	1039.6566666666668	0.0	11268.174722222222	0.0	262.0397222222222	0.0	449.5202777777778	273.1802777777778	3921.452222222222	0.0	102.54027777777777	0.0	132.62666666666667	0.0	0.0	0.0	13729.371111111112	0.0
171	101.75527777777778	0.0	1074.6383333333333	0.0	11189.7025	0.0	261.05	0.0	492.7552777777778	291.5002777777778	3966.9211111111113	0.0	101.78111111111112	0.0	117.23055555555555	0.0	0.0	0.0	13807.560555555556	0.0
172	88.69166666666666	0.0	1152.9952777777778	0.0	11170.904444444444	0.0	261.8152777777778	0.0	467.44944444444445	298.87194444444447	3955.6272222222224	0.0	103.09083333333334	0.0	141.2275	0.0	0.0	0.0	13889.988055555556	0.0
173	100.65777777777778	0.0	1016.0908333333333	0.0	11221.301666666666	0.0	262.2441666666667	0.0	464.7786111111111	282.78444444444443	3961.5080555555555	0.0	102.93611111111112	0.0	138.08777777777777	0.0	0.0	0.0	13678.913611111111	0.0
174	85.02	0.0	1021.835	0.0	11188.89138888889	0.0	261.94	0.0	459.8925	292.50888888888886	3976.5447222222224	0.0	102.88666666666667	0.0	141.41	0.0	0.0	0.0	13894.659166666666	0.0
175	93.67472222222223	0.0	1066.2647222222222	0.0	11195.1775	0.0	262.0863888888889	0.0	454.6791666666667	272.59222222222223	3974.731388888889	0.0	103.28055555555555	0.0	124.19722222222222	0.0	0.0	0.0	13832.420833333334	0.0
176	109.72361111111111	0.0	995.0638888888889	0.0	11212.317777777778	0.0	265.2113888888889	0.0	441.545	269.0108333333333	3975.9244444444444	0.0	103.12305555555555	0.0	126.705	0.0	0.0	0.0	13531.704444444444	0.0
177	85.3225	0.0	1000.5141666666667	0.0	11205.104166666666	0.0	263.64666666666665	0.0	455.5097222222222	269.6575	3971.889166666667	0.0	103.74083333333333	0.0	129.89416666666668	0.0	0.0	0.0	13720.858055555556	0.0
178	88.83083333333333	0.0	966.6538888888889	0.0	11186.638611111111	0.0	265.1302777777778	0.0	483.6308333333333	272.1688888888889	3981.0875	0.0	103.49444444444444	0.0	131.7072222222222	0.0	0.0	0.0	13673.069444444445	0.0
179	97.91722222222222	0.0	1048.4686111111112	0.0	11212.533611111112	0.0	265.01166666666666	0.0	448.91333333333336	288.42583333333334	3964.2941666666666	0.0	103.34583333333333	0.0	122.89166666666667	0.0	0.0	0.0	13639.038611111111	0.0
180	95.80777777777777	0.0	1069.3075	0.0	11237.166388888889	0.0	264.99	0.0	430.0786111111111	258.6277777777778	3961.468888888889	0.0	102.23138888888889	0.0	138.5	0.0	0.0	0.0	13738.3425	0.0
181	107.64833333333333	0.0	929.4641666666666	0.0	11201.209166666667	0.0	266.7752777777778	0.0	457.7786111111111	267.56583333333333	3993.5383333333334	0.0	102.79694444444445	0.0	143.0363888888889	0.0	0.0	0.0	13648.127777777778	0.0
182	82.53138888888888	0.0	1032.8366666666666	0.0	11184.756111111112	0.0	264.93611111111113	0.0	423.03833333333336	248.77194444444444	3993.658611111111	0.0	103.03111111111112	0.0	135.67166666666665	0.0	0.0	0.0	13739.713055555556	0.0
183	113.10861111111112	0.0	1030.0808333333334	0.0	11178.678055555556	0.0	265.1097222222222	0.0	425.38388888888886	326.3516666666667	3997.9636111111113	0.0	101.42	0.0	121.61111111111111	0.0	0.0	0.0	13724.614444444445	0.0
184	94.89138888888888	0.0	1014.1258333333334	0.0	11183.820555555556	0.0	264.3097222222222	0.0	410.6166666666667	275.67055555555555	3988.4444444444443	0.0	101.51805555555555	0.0	128.07333333333332	0.0	0.0	0.0	13773.852222222222	0.0
185	89.21805555555555	0.0	1063.5605555555555	0.0	11192.822222222223	0.0	265.11027777777775	0.0	399.49861111111113	239.9586111111111	4013.0044444444443	0.0	102.84861111111111	0.0	130.35833333333332	0.0	0.0	0.0	13642.64	0.0
186	64.46694444444445	0.0	941.7563888888889	0.0	11205.329166666666	0.0	262.925	0.0	396.7963888888889	218.94722222222222	4029.7405555555556	0.0	102.32638888888889	0.0	125.65388888888889	0.0	0.0	0.0	13593.840555555556	0.0
187	99.1475	0.0	986.5866666666667	0.0	11230.685	0.0	264.90277777777777	0.0	449.6425	278.2241666666667	3981.8552777777777	0.0	104.91694444444444	0.0	125.59166666666667	0.0	0.0	0.0	13591.23	0.0
188	83.14	0.0	1003.8638888888889	0.0	11214.642777777777	0.0	264.1136111111111	0.0	428.6686111111111	248.76222222222222	3980.1466666666665	0.0	104.89194444444445	0.0	134.255	0.0	0.0	0.0	13510.685277777779	0.0
189	82.30638888888889	0.0	1066.0208333333333	0.0	11216.45	0.0	263.4402777777778	0.0	433.20194444444445	263.7397222222222	3976.833611111111	0.0	104.4088888888889	0.0	116.11277777777778	0.0	0.0	0.0	13588.146111111111	0.0
190	60.91694444444445	0.0	1024.1619444444445	0.0	11208.485555555555	0.0	261.6358333333333	0.0	387.34055555555557	202.34472222222223	4011.74	0.0	102.49333333333334	0.0	145.45138888888889	0.0	0.0	0.0	13473.164444444445	0.0
191	83.18777777777778	0.0	1046.418888888889	0.0	11170.975	0.0	261.0211111111111	0.0	430.81444444444446	275.3616666666667	4004.885	0.0	104.44361111111111	0.0	133.49277777777777	0.0	0.0	0.0	13506.074444444444	0.0
192	89.03777777777778	0.0	1055.7030555555555	0.0	11174.875277777777	0.0	259.9291666666667	0.0	387.2613888888889	218.67194444444445	4031.4691666666668	0.0	104.63861111111112	0.0	123.21305555555556	0.0	0.0	0.0	13732.664444444445	0.0
193	79.18166666666667	0.0	1002.1958333333333	0.0	11170.910555555556	0.0	263.4013888888889	0.0	391.0447222222222	240.745	4039.2533333333336	0.0	103.97944444444444	0.0	130.45055555555555	0.0	0.0	0.0	13578.81111111111	0.0
194	70.81083333333333	0.0	997.1116666666667	0.0	11162.003055555555	0.0	263.18583333333333	0.0	406.1463888888889	215.42111111111112	4035.575277777778	0.0	104.6036111111111	0.0	127.72527777777778	0.0	0.0	0.0	13398.111111111111	0.0
195	80.31777777777778	0.0	1129.1952777777778	0.0	11127.4575	0.0	266.9163888888889	0.0	408.40722222222223	253.89583333333334	4028.2166666666667	0.0	104.56333333333333	0.0	139.555	0.0	0.0	0.0	13655.461666666666	0.0
196	79.12361111111112	0.0	1004.5841666666666	0.0	11187.9525	0.0	264.7636111111111	0.0	441.6813888888889	277.56083333333333	4012.4675	0.0	106.33611111111111	0.0	122.83361111111111	0.0	0.0	0.0	13566.633055555556	0.0
197	90.5975	0.0	1077.618888888889	0.0	11178.287777777778	0.0	264.80361111111114	0.0	421.665	264.4869444444444	4002.465833333333	0.0	106.975	0.0	137.09916666666666	0.0	0.0	0.0	13620.217777777778	0.0
198	76.93166666666667	0.0	1048.9975	0.0	11168.405555555555	0.0	265.12083333333334	0.0	410.1069444444444	255.3647222222222	4020.9847222222224	0.0	106.26944444444445	0.0	116.47305555555556	0.0	0.0	0.0	13873.024722222222	0.0
199	71.08416666666666	0.0	955.3688888888889	0.0	12159.615	0.0	265.84555555555556	0.0	402.3988888888889	257.67277777777775	3907.5422222222223	0.0	101.1138888888889	0.0	110.81305555555555	0.0	0.0	0.0	13307.738611111112	0.0
200	75.33416666666666	0.0	1039.6625	0.0	11184.988333333333	0.0	265.5836111111111	0.0	421.53277777777777	232.97416666666666	4011.278333333333	0.0	102.10055555555556	0.0	114.33166666666666	0.0	0.0	0.0	13566.4475	0.0
201	76.0675	0.0	1055.8216666666667	0.0	11185.160555555556	0.0	267.6438888888889	0.0	388.2338888888889	201.52194444444444	3988.1625	0.0	102.53444444444445	0.0	132.34333333333333	0.0	0.0	0.0	13484.758055555556	0.0
202	89.77666666666667	0.0	1089.5975	0.0	11183.01638888889	0.0	266.15777777777777	0.0	416.64722222222224	253.16944444444445	3992.1558333333332	0.0	102.38888888888889	0.0	124.39361111111111	0.0	0.0	0.0	13735.7775	0.0
203	79.93277777777777	0.0	1123.4233333333334	0.0	11187.829444444444	0.0	264.60833333333335	0.0	388.3491666666667	223.98722222222221	4010.1475	0.0	102.82888888888888	0.0	142.4561111111111	0.0	0.0	0.0	13171.4775	0.0
204	78.535	0.0	1122.8816666666667	0.0	11172.940277777778	0.0	263.71444444444444	0.0	396.1247222222222	234.79833333333335	4009.5875	0.0	101.24333333333334	0.0	136.01444444444445	0.0	0.0	0.0	13522.118333333334	0.0
205	87.91833333333334	0.0	1057.4205555555557	0.0	11148.927777777777	0.0	263.9608333333333	0.0	429.2836111111111	242.5388888888889	4050.344722222222	0.0	102.64361111111111	0.0	131.6911111111111	0.0	0.0	0.0	13468.103055555555	0.0
206	78.17444444444445	0.0	1102.2472222222223	0.0	11129.265	0.0	265.165	0.0	400.0375	247.4922222222222	4044.1425	0.0	103.2761111111111	0.0	127.39583333333333	0.0	0.0	0.0	13665.498333333333	0.0
207	77.68972222222222	0.0	1062.7613888888889	0.0	11311.698611111111	0.0	264.0883333333333	0.0	392.1388888888889	241.1447222222222	4014.15	0.0	101.34083333333334	0.0	138.4363888888889	0.0	0.0	0.0	13521.189722222221	0.0
208	101.49388888888889	0.0	994.8797222222222	0.0	11175.299444444445	0.0	267.8625	0.0	392.44638888888886	261.59305555555557	4033.341388888889	0.0	101.80833333333334	0.0	121.38638888888889	0.0	0.0	0.0	13537.218888888889	0.0
209	69.65305555555555	0.0	1071.2880555555555	0.0	11136.134722222223	0.0	265.45972222222224	0.0	408.0086111111111	243.31861111111112	4051.244166666667	0.0	101.47944444444444	0.0	123.57305555555556	0.0	0.0	0.0	13653.135555555555	0.0
210	78.4563888888889	0.0	1075.6972222222223	0.0	11173.80388888889	0.0	265.4263888888889	0.0	412.93	232.365	4014.5516666666667	0.0	103.19333333333333	0.0	133.43194444444444	0.0	0.0	0.0	13507.224444444444	0.0
211	84.77666666666667	0.0	1079.048611111111	0.0	11167.910555555556	0.0	264.4175	0.0	422.77805555555557	263.12361111111113	4025.951111111111	0.0	102.40083333333334	0.0	128.18916666666667	0.0	0.0	0.0	13511.2975	0.0
212	96.02	0.0	1116.6380555555556	0.0	11154.853888888889	0.0	262.1111111111111	0.0	423.4247222222222	268.2608333333333	4021.1780555555556	0.0	101.79305555555555	0.0	113.23416666666667	0.0	0.0	0.0	13611.460833333333	0.0
213	86.74861111111112	0.0	1026.966111111111	0.0	11149.8925	0.0	261.09694444444443	0.0	392.3622222222222	229.37555555555556	4037.8555555555554	0.0	102.36861111111111	0.0	138.26944444444445	0.0	0.0	0.0	13529.511944444444	0.0
214	87.8975	0.0	1042.3494444444445	0.0	11162.893055555556	0.0	262.865	0.0	396.9583333333333	273.5702777777778	4017.487222222222	0.0	101.69111111111111	0.0	135.16222222222223	0.0	0.0	0.0	13324.603611111112	0.0
215	78.33	0.0	1099.2769444444446	0.0	11178.690833333334	0.0	259.96166666666664	0.0	386.79305555555555	234.3552777777778	3997.700277777778	0.0	100.9075	0.0	130.46722222222223	0.0	0.0	0.0	13724.57	0.0
216	77.00138888888888	0.0	1009.8133333333334	0.0	12123.869722222222	0.0	260.3544444444444	0.0	359.7361111111111	225.2575	3852.1619444444445	0.0	95.74444444444444	0.0	110.94611111111111	0.0	0.0	0.0	13763.618055555555	0.0
217	85.20916666666666	0.0	1038.1119444444444	0.0	11179.980277777779	0.0	259.62916666666666	0.0	417.8930555555556	275.7286111111111	3972.7108333333335	0.0	99.38055555555556	0.0	138.48194444444445	0.0	0.0	0.0	13580.848055555556	0.0
218	79.98416666666667	0.0	981.0625	0.0	11222.789444444445	0.0	262.1625	0.0	375.6455555555556	251.7125	3954.534722222222	0.0	98.22194444444445	0.0	148.35305555555556	0.0	0.0	0.0	13459.645555555555	0.0
219	66.48777777777778	0.0	1050.9080555555556	0.0	11207.797222222222	0.0	260.7938888888889	0.0	378.2886111111111	202.50055555555556	3980.4411111111112	0.0	98.71	0.0	133.96527777777777	0.0	0.0	0.0	13512.899444444445	0.0
220	62.340833333333336	0.0	1090.9402777777777	0.0	11192.225555555555	0.0	259.6438888888889	0.0	367.5472222222222	200.85	3996.1366666666668	0.0	100.35055555555556	0.0	136.1436111111111	0.0	0.0	0.0	13510.244444444445	0.0
221	83.38138888888889	0.0	1036.0508333333332	0.0	11184.490833333333	0.0	261.1075	0.0	375.4008333333333	212.67055555555555	4026.775833333333	0.0	101.94027777777778	0.0	125.58083333333333	0.0	0.0	0.0	13246.785277777777	0.0
222	73.1675	0.0	1073.5544444444445	0.0	11167.612222222222	0.0	262.3147222222222	0.0	386.6408333333333	235.12527777777777	4028.43	0.0	100.57055555555556	0.0	120.355	0.0	0.0	0.0	13394.155833333334	0.0
223	85.89472222222223	0.0	981.2330555555556	0.0	11196.525277777779	0.0	261.47055555555556	0.0	415.62416666666667	261.8666666666667	3997.3591666666666	0.0	101.68694444444445	0.0	126.09388888888888	0.0	0.0	0.0	13380.683611111112	0.0
224	79.2286111111111	0.0	1094.7872222222222	0.0	11170.168055555556	0.0	260.5786111111111	0.0	383.1719444444444	229.13111111111112	4018.9575	0.0	101.7063888888889	0.0	117.03277777777778	0.0	0.0	0.0	13593.692222222222	0.0
225	89.58083333333333	0.0	1059.9622222222222	0.0	11158.912777777778	0.0	260.6019444444444	0.0	413.9427777777778	270.12833333333333	4022.3830555555555	0.0	101.30388888888889	0.0	131.68	0.0	0.0	0.0	13333.103611111112	0.0
226	81.31027777777778	0.0	1070.0741666666668	0.0	11163.646388888888	0.0	262.96972222222223	0.0	418.6563888888889	277.2561111111111	4015.492777777778	0.0	102.05805555555555	0.0	122.72055555555555	0.0	0.0	0.0	13430.049444444445	0.0
227	81.01972222222223	0.0	1057.7972222222222	0.0	11185.608055555556	0.0	262.0933333333333	0.0	378.96527777777777	224.82805555555555	4020.2791666666667	0.0	100.95944444444444	0.0	122.43638888888889	0.0	0.0	0.0	13517.995555555555	0.0
228	80.165	0.0	1005.1766666666666	0.0	11196.926388888889	0.0	260.9775	0.0	400.47222222222223	246.47277777777776	3987.0391666666665	0.0	102.2238888888889	0.0	126.29722222222222	0.0	0.0	0.0	13463.524166666666	0.0
229	81.57722222222222	0.0	957.7794444444445	0.0	11208.640555555556	0.0	264.1688888888889	0.0	387.54	248.71277777777777	4003.918888888889	0.0	102.03583333333333	0.0	127.87222222222222	0.0	0.0	0.0	13483.446666666667	0.0
230	66.35805555555555	0.0	1075.52	0.0	11200.040833333333	0.0	262.56055555555554	0.0	362.1119444444444	204.54888888888888	4004.716388888889	0.0	101.48472222222222	0.0	135.31722222222223	0.0	0.0	0.0	13220.558055555555	0.0
231	67.63944444444445	0.0	994.7925	0.0	11189.574166666667	0.0	264.59194444444444	0.0	372.8441666666667	207.7475	4007.092222222222	0.0	101.69416666666666	0.0	130.0888888888889	0.0	0.0	0.0	13472.680555555555	0.0
232	74.065	0.0	1059.5822222222223	0.0	11168.376666666667	0.0	264.2872222222222	0.0	384.1613888888889	229.46944444444443	4012.906111111111	0.0	101.82388888888889	0.0	125.15333333333334	0.0	0.0	0.0	13383.781666666666	0.0
233	79.4088888888889	0.0	1038.6525	0.0	11167.06138888889	0.0	262.3697222222222	0.0	367.0077777777778	231.37833333333333	4012.771388888889	0.0	102.02777777777777	0.0	141.32055555555556	0.0	0.0	0.0	13251.676666666666	0.0
234	88.05194444444444	0.0	1044.3105555555555	0.0	11154.644722222221	0.0	264.1766666666667	0.0	398.0052777777778	251.86	3994.3230555555556	0.0	103.29305555555555	0.0	128.41222222222223	0.0	0.0	0.0	13536.307777777778	0.0
235	77.17027777777778	0.0	1163.8094444444444	0.0	11176.53611111111	0.0	261.75	0.0	390.2138888888889	234.11583333333334	3990.295833333333	0.0	103.11055555555555	0.0	126.90194444444444	0.0	0.0	0.0	13234.428333333333	0.0
236	69.0275	0.0	1045.9177777777777	0.0	11159.7775	0.0	261.1408333333333	0.0	366.2347222222222	201.53694444444446	4000.7980555555555	0.0	102.83611111111111	0.0	147.74944444444444	0.0	0.0	0.0	13323.174722222222	0.0
237	65.12944444444445	0.0	1054.9405555555556	0.0	11186.612777777778	0.0	261.99333333333334	0.0	371.43444444444447	208.32444444444445	4003.37	0.0	100.35472222222222	0.0	131.14777777777778	0.0	0.0	0.0	13257.944722222222	0.0
238	76.06055555555555	0.0	1123.535	0.0	11152.205277777777	0.0	259.30916666666667	0.0	378.61694444444447	229.31194444444444	4020.98	0.0	99.99416666666667	0.0	133.7302777777778	0.0	0.0	0.0	13509.975	0.0
239	86.95444444444445	0.0	1053.2430555555557	0.0	11146.779722222222	0.0	259.0652777777778	0.0	408.29527777777776	228.2175	4040.0455555555554	0.0	99.41583333333334	0.0	121.06083333333333	0.0	0.0	0.0	13388.916111111112	0.0
240	86.61833333333334	0.0	991.9252777777778	0.0	11162.369444444445	0.0	260.84694444444443	0.0	415.56583333333333	252.66361111111112	4039.8708333333334	0.0	98.78166666666667	0.0	131.99027777777778	0.0	0.0	0.0	13206.708888888888	0.0
241	38.00833333333333	0.0	799.5336111111111	0.0	11312.685277777779	0.0	258.9797222222222	0.0	281.0936111111111	125.04638888888888	4093.7952777777778	0.0	97.37138888888889	0.0	67.03166666666667	0.0	0.0	0.0	12352.120277777778	0.0
242	36.26861111111111	0.0	803.1305555555556	0.0	11318.924722222222	0.0	257.7994444444444	0.0	275.2919444444444	121.80083333333333	4081.0152777777776	0.0	97.04222222222222	0.0	66.12055555555555	0.0	0.0	0.0	12332.593333333334	0.0
243	35.683055555555555	0.0	803.3275	0.0	11323.748333333333	0.0	257.8622222222222	0.0	270.0341666666667	116.24944444444445	4073.6075	0.0	97.03333333333333	0.0	65.06111111111112	0.0	0.0	0.0	12312.700277777778	0.0
244	36.09305555555556	0.0	803.8394444444444	0.0	11318.670833333334	0.0	257.5838888888889	0.0	265.64416666666665	115.45222222222222	4073.216388888889	0.0	96.75722222222223	0.0	64.45333333333333	0.0	0.0	0.0	12302.125	0.0
245	37.51694444444445	0.0	800.9247222222223	0.0	11314.760555555555	0.0	257.16805555555555	0.0	267.0425	115.92305555555555	4074.9972222222223	0.0	96.88694444444444	0.0	63.51916666666666	0.0	0.0	0.0	12291.974722222221	0.0
246	37.29694444444444	0.0	799.6858333333333	0.0	11319.334722222222	0.0	257.1666666666667	0.0	266.27472222222224	115.70916666666666	4072.2902777777776	0.0	96.70916666666666	0.0	62.70055555555555	0.0	0.0	0.0	12275.844722222222	0.0
247	37.16444444444444	0.0	804.2180555555556	0.0	11316.20611111111	0.0	257.15444444444444	0.0	264.70916666666665	115.01722222222222	4069.7419444444445	0.0	96.55166666666666	0.0	61.964444444444446	0.0	0.0	0.0	12263.618055555555	0.0
248	37.16444444444444	0.0	804.7775	0.0	11312.16	0.0	257.12666666666667	0.0	264.70916666666665	115.01722222222222	4070.358333333333	0.0	96.28305555555555	0.0	61.73916666666667	0.0	0.0	0.0	12263.368611111111	0.0
249	37.16444444444444	0.0	805.2338888888889	0.0	11320.392777777777	0.0	257.13194444444446	0.0	264.9058333333333	115.03888888888889	4058.909722222222	0.0	96.07055555555556	0.0	61.284444444444446	0.0	0.0	0.0	12265.810833333333	0.0
250	37.16444444444444	0.0	804.7394444444444	0.0	11316.94638888889	0.0	256.68361111111113	0.0	263.05305555555555	114.58916666666667	4060.3463888888887	0.0	95.73694444444445	0.0	61.083333333333336	0.0	0.0	0.0	12265.397222222222	0.0
251	37.16444444444444	0.0	804.8969444444444	0.0	11316.321666666667	0.0	256.06583333333333	0.0	263.05305555555555	114.58944444444444	4057.953611111111	0.0	95.23722222222223	0.0	60.92055555555555	0.0	0.0	0.0	12262.181111111111	0.0
252	37.16444444444444	0.0	804.3916666666667	0.0	11322.842222222222	0.0	256.0047222222222	0.0	263.05305555555555	114.70805555555556	4049.2697222222223	0.0	95.24055555555556	0.0	60.346944444444446	0.0	0.0	0.0	12264.591388888888	0.0
253	37.30305555555555	0.0	803.6788888888889	0.0	11320.039444444445	0.0	255.985	0.0	262.81166666666667	114.67055555555555	4048.3669444444445	0.0	95.24055555555556	0.0	60.346666666666664	0.0	0.0	0.0	12262.836666666666	0.0
254	37.30305555555555	0.0	803.6788888888889	0.0	11319.235	0.0	255.99777777777777	0.0	262.1719444444444	114.22638888888889	4045.8713888888888	0.0	94.88111111111111	0.0	60.483333333333334	0.0	0.0	0.0	12264.16111111111	0.0
255	37.30305555555555	0.0	805.0688888888889	0.0	11316.286666666667	0.0	255.6538888888889	0.0	262.0466666666667	114.2611111111111	4042.6541666666667	0.0	94.86194444444445	0.0	60.85027777777778	0.0	0.0	0.0	12262.709722222222	0.0
256	39.039722222222224	0.0	806.1075	0.0	11313.355555555556	0.0	255.59722222222223	0.0	260.8933333333333	115.07083333333334	4041.1613888888887	0.0	94.86	0.0	60.48722222222222	0.0	0.0	0.0	12255.909444444444	0.0
257	40.88194444444444	0.0	805.6647222222222	0.0	11311.985555555555	0.0	255.34333333333333	0.0	261.35777777777776	116.54972222222223	4040.08	0.0	94.60277777777777	0.0	60.0725	0.0	0.0	0.0	12253.605277777779	0.0
258	40.88194444444444	0.0	805.6658333333334	0.0	11312.303333333333	0.0	255.3047222222222	0.0	261.35777777777776	116.54972222222223	4037.447777777778	0.0	94.70861111111111	0.0	60.26	0.0	0.0	0.0	12255.59638888889	0.0
259	40.88194444444444	0.0	805.6044444444444	0.0	11310.506944444445	0.0	255.26888888888888	0.0	261.35777777777776	116.54972222222223	4036.1588888888887	0.0	94.7	0.0	60.27111111111111	0.0	0.0	0.0	12256.154166666667	0.0
260	40.88194444444444	0.0	806.1227777777777	0.0	11312.060833333333	0.0	255.2675	0.0	261.35777777777776	116.54305555555555	4035.6608333333334	0.0	94.79	0.0	60.29333333333334	0.0	0.0	0.0	12254.58138888889	0.0
261	40.77972222222222	0.0	804.5086111111111	0.0	11312.726388888888	0.0	255.09	0.0	260.60027777777776	116.51611111111112	4035.9738888888887	0.0	94.8013888888889	0.0	59.510555555555555	0.0	0.0	0.0	12255.8975	0.0
262	40.77972222222222	0.0	806.7269444444445	0.0	11307.985555555555	0.0	254.8388888888889	0.0	260.60027777777776	116.46	4038.0319444444444	0.0	94.57666666666667	0.0	59.547777777777775	0.0	0.0	0.0	12250.452777777778	0.0
263	40.77972222222222	0.0	806.9858333333333	0.0	11308.755	0.0	254.59666666666666	0.0	260.12166666666667	116.08944444444444	4037.456111111111	0.0	94.66055555555556	0.0	59.465555555555554	0.0	0.0	0.0	12248.393333333333	0.0
264	40.77972222222222	0.0	806.9858333333333	0.0	11307.375833333334	0.0	254.45916666666668	0.0	258.96166666666664	115.55888888888889	4032.2075	0.0	94.65861111111111	0.0	59.465555555555554	0.0	0.0	0.0	12247.869444444445	0.0
265	40.77972222222222	0.0	806.3069444444444	0.0	11307.144722222221	0.0	254.2625	0.0	258.96166666666664	115.55888888888889	4031.847222222222	0.0	94.78555555555556	0.0	59.69	0.0	0.0	0.0	12247.531388888889	0.0
266	40.646388888888886	0.0	806.3069444444444	0.0	11309.650833333333	0.0	254.27388888888888	0.0	259.10777777777776	115.56166666666667	4029.9577777777777	0.0	94.8536111111111	0.0	59.62638888888889	0.0	0.0	0.0	12245.840277777777	0.0
267	40.646388888888886	0.0	806.3025	0.0	11311.89	0.0	254.285	0.0	259.10777777777776	115.56166666666667	4027.2825	0.0	94.54638888888888	0.0	59.63777777777778	0.0	0.0	0.0	12247.656944444445	0.0
268	40.646388888888886	0.0	803.3430555555556	0.0	11312.554166666667	0.0	254.32444444444445	0.0	259.10777777777776	115.57055555555556	4025.427777777778	0.0	94.42222222222222	0.0	59.632777777777775	0.0	0.0	0.0	12249.18888888889	0.0
269	40.646388888888886	0.0	804.1497222222222	0.0	11311.152777777777	0.0	254.32	0.0	259.10777777777776	115.57055555555556	4024.1736111111113	0.0	94.14222222222222	0.0	59.632777777777775	0.0	0.0	0.0	12247.704722222223	0.0
270	40.41111111111111	0.0	804.8630555555555	0.0	11310.333888888888	0.0	254.29666666666665	0.0	257.8277777777778	115.14083333333333	4023.633888888889	0.0	94.14361111111111	0.0	59.38527777777778	0.0	0.0	0.0	12247.060555555556	0.0
271	40.41111111111111	0.0	804.8630555555555	0.0	11308.324722222222	0.0	254.36083333333335	0.0	257.8277777777778	115.14694444444444	4024.5802777777776	0.0	94.15777777777778	0.0	59.56666666666667	0.0	0.0	0.0	12245.956944444444	0.0
272	40.41111111111111	0.0	804.3802777777778	0.0	11305.54611111111	0.0	254.4638888888889	0.0	257.8277777777778	115.14111111111112	4022.2891666666665	0.0	94.00861111111111	0.0	59.659166666666664	0.0	0.0	0.0	12246.356666666667	0.0
273	40.41111111111111	0.0	804.3802777777778	0.0	11306.465555555556	0.0	254.3947222222222	0.0	257.5672222222222	114.96	4022.8288888888887	0.0	93.95138888888889	0.0	59.43333333333333	0.0	0.0	0.0	12244.949166666667	0.0
274	40.41111111111111	0.0	806.2708333333334	0.0	11302.614444444445	0.0	254.37583333333333	0.0	257.5672222222222	114.83361111111111	4020.9919444444445	0.0	93.94722222222222	0.0	59.49444444444445	0.0	0.0	0.0	12243.673055555555	0.0
275	40.41111111111111	0.0	806.2708333333334	0.0	11304.033611111112	0.0	254.40805555555556	0.0	258.47444444444443	116.0736111111111	4019.568888888889	0.0	93.41444444444444	0.0	59.49583333333333	0.0	0.0	0.0	12244.281388888889	0.0
276	40.41111111111111	0.0	805.6730555555556	0.0	11305.76638888889	0.0	254.42222222222222	0.0	258.47444444444443	116.0736111111111	4018.6697222222224	0.0	92.74916666666667	0.0	59.52472222222222	0.0	0.0	0.0	12243.812777777777	0.0
277	40.41111111111111	0.0	805.6730555555556	0.0	11304.072777777777	0.0	254.3672222222222	0.0	258.47444444444443	116.0736111111111	4019.318333333333	0.0	93.07027777777778	0.0	59.725833333333334	0.0	0.0	0.0	12241.101666666667	0.0
278	40.41111111111111	0.0	806.9844444444444	0.0	11302.468055555555	0.0	254.6436111111111	0.0	258.47444444444443	116.0736111111111	4021.0866666666666	0.0	93.07861111111112	0.0	59.755	0.0	0.0	0.0	12236.620277777778	0.0
279	40.41111111111111	0.0	806.4016666666666	0.0	11301.615555555556	0.0	254.63583333333332	0.0	258.55944444444447	115.99361111111111	4022.257777777778	0.0	92.81388888888888	0.0	59.62972222222222	0.0	0.0	0.0	12238.944166666666	0.0
280	40.41111111111111	0.0	806.9305555555555	0.0	11301.230555555556	0.0	254.47916666666666	0.0	258.55944444444447	115.98277777777778	4021.9416666666666	0.0	92.86361111111111	0.0	59.62972222222222	0.0	0.0	0.0	12237.294722222223	0.0
281	40.41111111111111	0.0	806.9305555555555	0.0	11302.166944444445	0.0	254.425	0.0	258.55944444444447	115.98277777777778	4020.535277777778	0.0	92.84527777777778	0.0	59.50527777777778	0.0	0.0	0.0	12236.146944444445	0.0
282	40.54638888888889	0.0	805.6772222222222	0.0	11301.1325	0.0	254.37416666666667	0.0	258.6136111111111	116.52527777777777	4021.41	0.0	93.02805555555555	0.0	59.49777777777778	0.0	0.0	0.0	12237.349166666667	0.0
283	40.68416666666667	0.0	807.2455555555556	0.0	11300.879722222222	0.0	254.31833333333333	0.0	259.9816666666667	116.75611111111111	4020.6858333333334	0.0	92.94722222222222	0.0	59.36972222222222	0.0	0.0	0.0	12236.142222222223	0.0
284	40.68416666666667	0.0	806.2447222222222	0.0	11301.740555555556	0.0	254.29833333333335	0.0	260.68083333333334	117.36194444444445	4018.943333333333	0.0	92.94722222222222	0.0	59.360277777777775	0.0	0.0	0.0	12234.587777777779	0.0
285	40.68416666666667	0.0	806.2447222222222	0.0	11299.4325	0.0	254.37083333333334	0.0	260.6638888888889	117.22555555555556	4019.858333333333	0.0	93.09916666666666	0.0	59.22083333333333	0.0	0.0	0.0	12235.878888888888	0.0
286	40.68416666666667	0.0	806.2447222222222	0.0	11295.930555555555	0.0	254.365	0.0	260.6638888888889	117.23166666666667	4020.7327777777778	0.0	93.1025	0.0	59.1825	0.0	0.0	0.0	12235.51638888889	0.0
287	40.68416666666667	0.0	806.2447222222222	0.0	11295.999444444444	0.0	254.3488888888889	0.0	260.6638888888889	117.23166666666667	4019.402222222222	0.0	93.12194444444444	0.0	59.231944444444444	0.0	0.0	0.0	12234.190277777778	0.0
288	40.68416666666667	0.0	806.8530555555556	0.0	11295.530555555555	0.0	254.32944444444445	0.0	260.6638888888889	117.22694444444444	4016.5994444444445	0.0	93.0925	0.0	59.17388888888889	0.0	0.0	0.0	12233.880555555555	0.0
289	40.68416666666667	0.0	807.4508333333333	0.0	11294.405277777778	0.0	254.3697222222222	0.0	261.12805555555553	117.47972222222222	4014.2791666666667	0.0	93.46444444444444	0.0	59.17138888888889	0.0	0.0	0.0	12232.833611111111	0.0
290	40.68416666666667	0.0	807.4508333333333	0.0	11298.203055555556	0.0	254.28861111111112	0.0	261.12805555555553	117.47361111111111	4010.284166666667	0.0	93.30722222222222	0.0	59.05555555555556	0.0	0.0	0.0	12233.796388888888	0.0
291	40.68416666666667	0.0	807.4508333333333	0.0	11297.895555555555	0.0	254.41722222222222	0.0	261.12805555555553	117.47972222222222	4010.2697222222223	0.0	93.31888888888889	0.0	59.03	0.0	0.0	0.0	12232.986944444445	0.0
292	40.68416666666667	0.0	807.4508333333333	0.0	11297.811666666666	0.0	254.37083333333334	0.0	261.12805555555553	117.47972222222222	4009.2297222222223	0.0	93.3236111111111	0.0	58.95	0.0	0.0	0.0	12233.585277777778	0.0
293	40.68416666666667	0.0	807.4508333333333	0.0	11294.271111111111	0.0	254.3997222222222	0.0	261.12805555555553	117.47777777777777	4009.051388888889	0.0	93.48583333333333	0.0	58.950833333333335	0.0	0.0	0.0	12233.585277777778	0.0
294	40.68416666666667	0.0	807.4508333333333	0.0	11296.795833333334	0.0	254.39777777777778	0.0	261.1175	117.45194444444445	4007.8394444444443	0.0	92.63083333333333	0.0	58.986111111111114	0.0	0.0	0.0	12232.875	0.0
295	40.68416666666667	0.0	807.4508333333333	0.0	11297.773611111112	0.0	254.40472222222223	0.0	259.53472222222223	117.265	4006.4183333333335	0.0	92.25722222222223	0.0	58.97805555555556	0.0	0.0	0.0	12231.910833333333	0.0
296	40.68416666666667	0.0	808.0958333333333	0.0	11296.93611111111	0.0	254.39111111111112	0.0	259.52416666666664	117.2375	4005.6691666666666	0.0	92.13138888888889	0.0	59.144444444444446	0.0	0.0	0.0	12231.029444444444	0.0
297	40.68416666666667	0.0	807.3325	0.0	11295.515833333333	0.0	254.31555555555556	0.0	259.52416666666664	117.23861111111111	4006.869722222222	0.0	91.89805555555556	0.0	59.144444444444446	0.0	0.0	0.0	12232.95388888889	0.0
298	40.54638888888889	0.0	806.7902777777778	0.0	11292.992222222223	0.0	254.3525	0.0	257.54305555555555	116.80833333333334	4006.6580555555556	0.0	91.76222222222222	0.0	59.17333333333333	0.0	0.0	0.0	12232.090277777777	0.0
299	40.54638888888889	0.0	806.2744444444445	0.0	11292.685555555556	0.0	254.3525	0.0	257.5325	116.78194444444445	4005.791111111111	0.0	91.34611111111111	0.0	59.17333333333333	0.0	0.0	0.0	12234.575277777778	0.0
300	40.54638888888889	0.0	806.2744444444445	0.0	11293.288888888888	0.0	254.33083333333335	0.0	257.5572222222222	116.30972222222222	4005.2283333333335	0.0	91.38416666666667	0.0	59.014722222222225	0.0	0.0	0.0	12235.961944444445	0.0
