Iteration	access_egress_pt	bike	car	freight	pt	ride	ride_school_bus	ride_taxi	walk
0	1871.1655505533038	2493.620961154178	676186.190002054	21780.317418417082	20390.530728702568	235581.82944099116	5665.266142174617	4055.336921297525	54467.115675961
1	2546.9527620214594	5110.428739962835	667115.1012546368	21795.24217614893	24114.63287788174	230766.9864861417	5666.028003395576	8923.942398689787	57044.99375588293
2	2764.978349853882	7332.729605709043	661459.0260541814	21742.38330239263	25063.102464025396	230543.22888434416	5670.819119181107	10045.222750937928	58366.185577741664
3	2541.605429459243	7198.640776929524	660019.4783226955	21747.425982387325	24505.965101068403	230065.96099228767	5665.2877485929685	10128.547523197225	60487.04171550494
4	2539.1809588759893	7760.356426004055	657434.6298479813	22024.013577063877	24503.263118815492	229330.3239659957	5666.0266316535235	11002.363115290298	61493.090775724755
5	2633.228959609928	8361.023477957715	656159.1710964172	21892.812896405525	24636.10168049925	231272.87750202377	5677.872392231098	10763.749286219583	60653.49756811464
6	2601.7100360284226	9772.55189399879	654808.70077715	21894.745207239586	24585.207479694876	229398.480536021	5671.009663088323	11457.636391742073	61321.728624526026
7	2531.926710219258	9230.1044095333	655325.6412273828	21710.490214131183	24994.84863492131	228820.0110453435	5671.029923046106	11098.558066920203	61658.5442990564
8	2540.1459305077506	9248.655411890095	651619.9172019194	21706.701298668035	24780.572004042682	231085.93510929376	5674.283921089316	12785.25084103245	61601.84200009404
9	3137.9246720748006	8463.10850473748	649162.4881474557	21736.511396623515	27047.99638904521	230234.0784603203	5670.823284423078	13949.391484619331	61584.462507630386
10	3604.120033729233	9114.990751136049	648711.2049804765	21903.602770256693	26997.473338479846	229153.13049152025	5670.572216299634	12954.444723622484	62272.85955962936
11	3318.882469862906	10585.518766217721	647363.3344964611	21934.44909181945	26423.423154301894	230188.23693060805	5679.536927768091	13843.598302517954	62050.563302333416
12	3118.3156783177164	11340.676515639136	645542.4282696244	21749.73578673624	25550.185882805028	231496.98698809446	5664.931768209956	14253.22934164418	61330.97102351644
13	3504.2539735738815	10686.070804024484	645497.0582979202	21745.141932952643	27823.65985894148	230028.1535535206	5662.2607446288675	13346.251440937904	62075.21141014411
14	3476.002855434717	12237.834579050783	641155.3331746698	21706.071387867854	27476.232796548447	230633.52805677734	5670.0832569157	15596.565823439581	62932.50007552651
15	3061.524697586725	13541.897977227862	642478.0477874579	21684.411702723213	25374.303112627033	230829.5464262567	5681.408074180128	14968.3515522761	62610.85011184971
16	3310.9821537410826	12327.005975858081	644272.2901655992	21803.485304241323	26209.873123047622	228724.06806002703	5680.914738383065	14709.205171003685	63304.10233840582
17	3100.020153951712	11036.606768738495	644883.045761791	21679.50731038691	26749.899606790506	229866.3787448728	5673.182447653331	14706.252101073338	62585.041813640935
18	3129.7885773477465	12611.741400943312	640714.9655383934	21658.482159493364	26026.421036289892	233235.1450460425	5658.674073019217	14163.685017645505	62481.84266443723
19	3142.53720684419	13529.677184989328	637288.8681178954	21659.419791580924	27221.585961899855	233445.34534451438	5650.016173926054	14276.591980870908	62634.25940250907
20	3277.77117152853	12233.76705911205	642285.6014236045	21662.261885698048	26546.043586527794	229956.27892398226	5655.388709680583	15616.779840311667	62209.712027029054
21	2881.6476006912962	13441.189771722777	640614.31140242	21665.590659589765	25902.967262957456	231841.0449678863	5664.314297766819	14668.303073679557	62021.42229714218
22	2842.7262270777805	12881.929566479752	642080.7043707807	21678.039570217417	25912.46046928777	229761.35966559878	5658.257307081855	14533.638271644326	62673.9873920254
23	3021.100432713288	12997.654037215	640991.9053510935	21623.727064700055	25779.699763707176	230452.67860446192	5662.0609583356745	15696.033446137326	62239.1126312818
24	2786.4566100828115	12462.454804171462	641095.3126349874	21637.4333377541	24722.22050388047	231072.39177146848	5668.901956637197	14017.748700019774	63255.32678128113
25	3081.8826871530064	12154.751794802092	638986.4060349745	21626.384874779644	25322.945165337413	233613.84930344886	5661.240087560938	15732.178456525757	62010.512862475945
26	3235.0806799478755	12473.043773037929	638352.5247021947	21602.148670553437	26335.15564583479	232778.54545603727	5651.75213287632	15616.417417465062	62593.963928861616
27	3284.679483574671	12954.669795841304	638156.5588602339	21589.16014736836	27271.30155836868	233136.17748215617	5651.139255974122	14970.019707317428	62874.6354077651
28	3113.08741610492	12802.230445215338	640194.9546201295	21600.68628969987	26086.780839062554	232527.80983406023	5658.736572382214	14384.381296405036	61832.10355415811
29	3082.0508959151402	11901.81816643784	641551.1973110194	21583.159502861305	26683.12897948741	231943.30560209407	5657.789951244076	14234.732185617002	62089.38614951415
30	3118.6288565257014	12075.176742386639	641004.7925779185	21581.208829676292	26229.035263353344	232366.37968643915	5659.440874508703	13589.110064082652	62179.85061851693
31	2558.535647420011	11752.154925852996	638563.2863461368	21593.092026424303	24534.59094138509	234002.27873826676	5661.255910372862	16094.08172357233	61491.48309794849
32	3096.0451694186077	12369.404509922846	642432.9109851664	21494.383222306195	25417.685486016857	234630.58716544023	5681.715652375894	14294.354717005275	61020.7763264229
33	3357.2458528172997	11870.753776542067	647684.895855573	21601.68198734487	25683.73517759057	237707.50566614975	5752.79789073185	14474.497196740645	61289.51266163186
34	2771.602325179416	11400.954420842787	641571.9252087153	21561.447967627486	25031.792586011863	237385.71522230128	5706.548416957701	13053.007807306662	61246.73129536094
35	2821.6278860113284	11611.75905762126	642923.7530771642	21531.838902776115	24190.091749579824	237176.09727827465	5677.788070757213	13219.721756748057	60661.52745761829
36	3185.367402067622	11836.437911933634	641031.2197505399	21512.421808105282	24123.364684832406	235769.60428911814	5670.897054606492	14399.397371342184	60234.42230241852
37	3465.415427581251	12053.190106709611	642338.0137875685	21506.660068177243	25771.627669113816	234664.18486674156	5659.766948169515	13299.981073236115	60783.028263320055
38	2860.2375705607346	11751.86071760847	650393.1760932239	21504.337611797328	25307.09647261938	240521.00679537	5794.344340124327	14140.90629246587	61268.015144288736
39	3163.2846968597128	12512.64176829432	640860.2110740303	21497.29721441969	25956.785894869583	238774.11594121234	5774.492785196533	13918.218832775721	60446.23922203833
40	2709.0262543049807	11248.009709085438	642278.1230140151	21524.631917529114	24838.429822921928	239148.56504729207	5759.978988881304	12309.22158973895	59988.22513398493
41	2560.7103282986654	10878.189693403805	645167.2788489619	21496.146037324103	22678.254306359333	239662.9423366651	5744.107219668767	12322.981325220499	59187.70582709012
42	2721.544904035696	10949.497111540633	645540.6910583825	21544.09112460971	22720.39984817265	237079.5032106273	5717.662472563987	11327.164786260922	60698.19605337306
43	2482.0170318385303	10780.804154186282	646986.0751887023	21525.158214204585	23260.60765677864	238106.99812433615	5728.494701651876	11041.592929462853	58927.20337914413
44	2624.607455843198	12064.49869830469	645907.5314341042	21491.78125510039	22157.97580848744	237243.1222104571	5696.554735774495	11903.998194210448	59797.4440302755
45	2784.50193865832	12599.563079120246	642404.1404813316	21494.77182636621	22753.971455300853	237996.654344777	5698.728990960438	12904.84163261678	59401.214131487
46	2546.9653992703884	11556.000472057285	644197.1439628698	21600.09366682646	23249.63717965266	239276.48493238635	5695.112751481563	11407.519938130188	59176.38516154862
47	2793.1545708644953	12128.16965424839	643017.5035970309	21587.844062451495	24306.564209995224	239109.98084129256	5684.003493459145	11223.012129339935	58211.57454509115
48	2861.4517562908927	11687.147778648387	644194.6623389589	21721.49997803643	22943.56517069641	238482.77025577935	5700.625721926566	11031.71968347187	58193.6827034537
49	2529.627338758706	10656.684777086773	649046.1487031842	21742.442974360216	23681.422679557585	242042.07399474172	5746.40338310525	10553.910799733518	60560.63630262976
50	2672.3725248251762	11236.653518663696	642412.7879797001	21611.684008758068	21012.376794251246	242946.76933390636	5728.579301869401	11667.12573102645	59387.8724086129
51	2382.0940972665117	10477.272331613596	642537.179206339	21604.808372619278	22404.367701491483	241260.03688660177	5747.972737470389	11723.295320872669	60099.26501685945
52	2995.5631818412135	10861.18435763261	643080.1479760903	21587.7106864384	24048.168572989674	239457.88211629336	5752.610806661987	12506.678449535277	58923.728380192304
53	2374.9137257372017	11215.249413608453	643641.8379227072	21565.012769779616	22822.762468529978	239017.44193359136	5737.455802817878	11702.064265758603	58874.50714703441
54	2336.362742632369	10570.656910835813	645683.7846147713	21612.166301558675	22951.012364172268	238358.42971183598	5728.870003550292	11896.094279136323	58193.93036199416
55	2387.526973136252	10424.446557371773	643616.1705207593	21500.90311219627	22463.34035114529	241515.270969864	5730.862022952581	10122.00306166099	58451.68289885382
56	2308.6080342102787	9873.167022470647	647548.7039185065	21484.98333202445	22032.272776412352	239301.17487950603	5725.0880425991745	11227.178825791501	57911.67091000355
57	2368.7987252148573	10463.118174831923	645011.8326016746	21500.155930884037	21720.228891728446	239604.07203353234	5723.406513264126	12344.834798775099	58186.74647158569
58	2686.9618983232754	11238.167377826381	644172.7894934842	21388.657873291642	22404.9977028702	240336.48512473103	5726.3615288364335	10329.116685093471	58206.44649496812
59	2322.9001303596024	11067.443909578891	646107.3191538577	21404.202171688557	22093.48099482973	239932.2595141624	5721.084182909446	11215.717792811814	56993.53260980957
60	2313.693710484085	10944.758034030701	646006.5244397357	21414.077752647856	21991.951431736747	241926.03085476434	5693.286529515667	9136.213013805454	56978.02547921526
61	2503.7125736473495	11051.843105454847	642817.473964329	21401.967408468136	22955.045889854155	241397.40360962364	5686.3481914112435	10288.645245476346	57700.540492457396
62	2338.9220589361657	10835.552448943208	644649.7611823938	21401.702866768577	21305.92248932808	241444.06650407918	5701.500805078196	9644.713204373427	58414.156788917695
63	2445.030328553763	11768.861162105939	646531.0559508351	21397.189232193537	20695.046683394517	240128.53254251266	5687.764722159546	10159.426087002832	56711.995061763606
64	2196.282748386139	11055.318060379894	645898.9381333007	21521.087149751413	20918.069914457275	239967.91772474514	5697.601011376798	10957.036344557271	57948.89866832417
65	2206.7448044530797	10430.183121692144	645226.375664324	21418.165815930228	21388.004335299924	242165.58987521107	5703.261656888284	9913.069794330917	57277.924486673015
66	2072.8480872719542	11737.707270303024	646398.8046425084	21423.554985017687	20323.26816933561	244171.3605305825	5746.177224792083	10293.355470341807	56551.74634054971
67	1982.349405458254	10862.31547281295	644175.8791456433	21395.26531145615	19884.33375287183	244897.55670478454	5725.550075805291	8880.519157710558	57504.91483374078
68	1954.842809009734	10561.417955092225	648409.6948053188	21402.50963047771	20769.034993308058	241207.0886639709	5712.2845392252475	9464.34575191249	56933.90742843793
69	1858.9115875710397	12026.715946359753	644502.1634533906	21360.846017233504	19428.108098357687	242395.17051764007	5710.73969654426	9104.37193233999	57269.44129673236
70	2237.3144174074737	8995.133882739772	647402.3863952608	21351.015793039496	21394.00428419356	241543.014831943	5701.389532693688	9652.804414089182	56557.63943763368
71	2436.1336586383272	10039.588553870484	655591.4012812076	21330.08005150102	21321.059097541758	245202.89719281028	5765.3844493278	10589.933483187975	56095.00433208294
72	2031.3919458387447	11047.901601040861	646515.0424185068	21343.30895061484	20576.582358119755	241691.96028444936	5757.461206534783	9677.448258083117	57006.980264939906
73	2105.018071367188	11795.547532234079	646253.281418944	21328.70197192552	20397.736539464197	241385.52019115313	5739.847869301616	8962.136586077495	56812.63302105589
74	2116.7452863105573	11297.073583263149	646186.7826218556	21346.821444272013	21263.28744482902	242128.2559645062	5750.449262944735	10086.335863901006	56490.95880137585
75	2051.5353175084297	11567.437121584937	645389.7502067983	21331.025111030074	20151.43369308808	242743.0760144024	5707.331219728107	10058.968492640017	56574.683285411484
76	1763.634079228868	10330.75021271658	646474.2871267631	21323.587497337725	19401.88358385881	243907.67879024064	5706.766882692379	9809.30704316453	56140.49844954032
77	1846.6566330414407	10726.400337128985	644600.0095630718	21317.44965974474	18413.90001960403	244908.85924712688	5709.367724598569	10143.913437471676	56452.503761392756
78	1987.1624378070082	11405.972242894097	644124.8585068494	21343.940172830284	18743.082804622867	243909.01408853853	5707.743320753111	9945.556905324696	56327.91484501183
79	1993.808752345674	10818.072173806682	646135.6203157912	21325.252185196976	20115.243433606276	245691.27573507832	5717.3363268131525	8746.736167205532	55179.06359661252
80	2009.3864787527568	11500.04202678854	645565.354176008	21411.736004628583	20059.0643382336	241810.36323584142	5726.721466797696	10332.533381854177	56175.42602475048
81	2132.7132400771648	11221.930564561386	644159.8340188256	21399.320395047664	19799.177877191734	243666.72747041172	5712.336740862022	9245.426707786635	56239.39138769671
82	1930.3688089010307	10450.836111733535	646163.1587027976	21408.906495685154	18828.402055208677	244040.5538801172	5740.701926940033	9120.862440028754	55750.0111453623
83	2103.851312611541	10928.140833324984	646350.5169342291	21260.148300125846	19733.137702790427	243357.28904369194	5721.804237794443	8778.674063090828	55878.97461243554
84	2114.631245443233	10326.150196017912	645871.6510586669	21265.54026625223	19895.420661122193	244407.72484492182	5732.565406499652	8737.314566931154	55736.57292954561
85	1980.3014435097728	10456.413103234656	647361.1573153997	21419.414519986385	19204.41751576891	243141.3279664301	5716.726694517441	9367.307489973686	56337.482297743154
86	2317.3239820513295	10965.1311922688	645694.7954958666	21375.846865122498	20149.20182367811	243389.19315781537	5721.6610503094735	8064.722707437595	55872.47824310339
87	1832.4326521010069	11232.282057537486	647333.8222072476	21383.259037161035	18178.55263197844	241983.192501928	5713.0244311316865	8674.376364984171	55763.48895400612
88	2052.2515282887557	10332.643794133368	648262.989849243	21383.6608792254	18527.750089770292	241614.24924890243	5694.044974304243	7601.993437788563	56607.476874685315
89	1728.9257486638635	10640.661967145184	659334.4230541665	21254.33974593788	17682.811389326096	245663.82475190965	5824.750755107198	10130.392234141398	55512.0061054849
90	2046.8671336267646	10327.025329915014	646792.4923478697	21398.470644230398	18719.773828206286	245055.2264894386	5781.900423983317	8722.543767282306	55687.498003866465
91	2220.0165565434722	10772.046677786037	647407.6971518368	21353.022231247003	19176.552883716387	242779.64568114973	5780.635464003346	9159.832084681018	54998.108371274095
92	2235.5835855740884	11408.056688556388	645435.0586727574	21334.406919280336	19660.230238298518	242341.81784999496	5769.240580037932	9624.513429029248	55841.259158428744
93	1887.869401530475	9972.430479287163	645698.3428018711	21346.26309478747	18172.90847561929	246124.47700781474	5752.735395359573	8367.242111215628	56058.91228650296
94	1957.76529428687	10612.341540578387	648680.8505003086	21314.313978350525	18288.029856210043	244059.69063968537	5760.336528618187	7534.4106514667965	55272.09851170269
95	1620.251181818887	11641.179334985756	646484.6958157779	21310.500537786065	17537.369240453594	244559.71043052856	5745.354945229424	8493.297910311101	55670.95362216868
96	1640.4974106683267	11091.44618388721	646484.2108434684	21352.02225121474	17411.56384296627	245943.70166080003	5765.75964278719	9403.096476983275	54340.95336201578
97	1622.7468861945588	10131.669927016488	648538.7411782476	21206.348145295604	16577.176994727135	246527.64120691843	5755.49013184521	8191.608103545729	54638.399014039656
98	1744.3565972129545	10337.845465818651	645263.2513645313	21319.519397041517	17292.717854339684	246205.2642779699	5723.209316559297	8894.168850927577	55289.611716246225
99	1736.4483495582301	11263.265086955545	653646.5925304352	21408.87825202516	16769.912029388877	249617.66356275373	5799.686431639791	9030.699545144736	55398.66288932502
100	1439.9892004165533	10271.205346175348	647097.3114734774	21417.923002147552	16132.217450832066	246096.21172210758	5786.706714020404	8394.958343918908	55130.81234134976
101	1868.09957012381	10603.31366259152	645509.7563203907	21366.577666001805	17615.396149655724	247476.7896419377	5767.890967356003	8410.093646173118	54638.16401718067
102	1562.6918230181534	11378.8011803183	645971.7937311681	21309.26311474889	16256.943973578096	247925.8747418808	5756.636879524506	7875.46698663106	54414.262559145296
103	1964.1224353327445	11022.074644964736	645180.3017913403	21178.729692122146	17097.592118981484	248437.63939043175	5767.5922120560535	8004.941642162065	54475.95571749203
104	1928.0601597871544	10491.575997825314	646587.9781749198	21247.006448815293	17535.654948511572	246849.27696058239	5748.6406294845065	7494.936064721481	54922.853299388014
105	1691.9512871649788	11308.980422433007	644963.4173734055	21183.238029579446	17322.50821701339	248018.51325718526	5743.7269993563405	8777.027295342687	54630.24672577909
106	1738.9593984177607	11238.984844793244	645878.4636024858	21236.72880045953	16332.51581240333	246595.23676295648	5729.561955396185	8654.765097585832	54602.99330277941
107	1662.1172971095684	10626.800739632552	645171.8607163993	21198.53391479168	16335.488610171815	247565.3480076063	5752.934785928229	8637.002835129906	55074.83271476504
108	1755.4719791687562	9986.194681407982	653476.0633385745	21198.98451982864	16358.807536543074	251325.4215570538	5851.96096784121	9282.402596813192	54850.49796508315
109	1733.3526880052746	10415.099845841349	646398.4861585689	21253.320967806594	16300.58624527077	248250.9796675603	5803.836843877444	7376.126276838436	54715.72713348537
110	1752.3210521834583	10922.235049361288	646599.8817151459	21327.58958493951	16749.167512418662	248741.19642710412	5774.680152668723	7742.829945356652	54428.45394555196
111	1694.155942544639	10393.915157479047	646181.4011568652	21312.540359730996	16576.61625694244	248818.6573743919	5742.927466579953	7379.429845233773	54324.47536669764
112	1573.0428794888305	11211.913655078206	645132.5437668499	21326.885357841627	16880.068284270514	247785.58776181794	5780.06556735875	8676.40353567396	54278.16715216987
113	1747.9933708057538	12189.094273922892	643956.7109345479	21374.366472036272	16702.387032550712	248366.96731024666	5753.830860955599	7515.972212056613	54654.7281395983
114	1735.5161812871588	10761.598925166385	645335.1136347343	21332.632296749383	16566.72031249174	247278.38893246354	5758.327911443597	8124.839998899617	54575.82046314347
115	1651.7880017710938	11670.501779157292	643506.3658272633	21332.747769603742	16170.208075260538	247849.9079999976	5765.018669585736	8101.203393221192	54209.68867458385
116	1572.0505868478415	10262.185358423678	647070.2357336262	21419.4093404683	16843.84418697734	246097.95644433022	5755.344648042503	8275.667241784638	53991.344619692616
117	1857.5847795966292	10547.525739758574	645762.1231605787	21423.856583564688	17650.009672759028	245691.95225760288	5742.018357270847	8667.953640634167	54020.16011144692
118	1664.8976820650664	10613.32581599636	646996.7549660433	21602.271129081095	16193.62142354501	246471.23056023967	5770.704770673886	8106.590325806247	54059.30086409941
119	1741.7895229272774	11304.006871726759	647052.7086139865	21526.922006299345	16834.806151308523	244970.96362322744	5766.849532179761	7842.55514802518	54471.74580611354
120	1580.0080489792072	10509.802105845054	647848.5193230949	21533.063206142226	16958.85195168827	246952.9843625055	5761.489427893052	7048.134488012806	53587.918624376856
121	1529.1678154938231	9970.572024228562	648164.0193129273	21514.910737040867	15295.787918474192	246729.88790196567	5752.436809410427	8165.665092882767	54019.18496162937
122	1407.7829945049023	10609.686929318212	645374.6181517795	21377.91871569006	14575.607453849358	248300.53269885713	5766.211673445696	7291.952625807461	54658.083140661154
123	1425.776815235653	10074.661163047447	645833.1679952403	21375.273553884028	14160.132586827924	249379.21566085922	5747.882842311458	7384.965462193439	53775.141130526295
124	1604.4004610477493	10640.369800659157	645645.7457465015	21370.820392427926	15499.01682894154	247997.51893226014	5742.444099750119	7321.557611634396	54260.73241605704
125	1808.2528742262439	10486.565759192921	645906.6802011048	21230.020885944807	16141.415843147312	247478.39342559734	5735.797839910154	7464.191347099486	54040.50431656539
126	1816.5136420088666	11069.169428623194	644490.7844580221	21251.47428450545	16607.69166526481	247747.3441697276	5741.914660878739	6700.676454168334	54269.42585157309
127	1694.1120524962275	10607.388546248516	643798.546299561	21397.726768845387	16908.96272380882	246358.038065009	5751.082139461741	7973.638232975864	55318.632603285674
128	1321.0485162580496	10967.704200836484	654212.0673345866	21248.25299352699	14661.569529922599	253839.28262805828	5793.664506646662	9667.282122392593	53553.99932391863
129	1592.124355898849	11211.48335260506	642637.7822074076	21248.38164393451	15159.029130518951	251870.81817626656	5786.590614707626	8156.248444134356	54079.01111686865
130	1549.6963750099874	11505.246791541726	640843.1401755085	21180.866169800716	14923.751993019609	253214.77120930923	5791.959053315871	7657.037899492852	54112.23193563042
131	1366.6519992830733	10652.802931566273	643005.6478817897	21218.42475787816	15135.083399812615	251302.0979047879	5803.701856288476	8532.112189139205	53425.78318180864
132	1500.3558943242235	10104.05481846043	645659.6684227111	21191.847631047905	15799.845222415179	249732.7754933667	5796.956984080957	6003.67933135719	54067.44333741657
133	1489.3381424693728	11170.434351643127	644209.6880425768	21123.60269313275	14919.42446287353	249948.59302232307	5797.977951709045	7874.583187536749	53363.37357429665
134	1497.5058279254458	10058.793157919967	645292.3673052174	21121.33310383013	15283.456975301599	249193.8177670756	5758.144914486315	7829.969844937357	53550.379321743916
135	1475.1281180527244	10875.770781834535	642855.9116610618	21238.13933288566	14248.390819691373	251111.39103966937	5774.875390659374	7848.465111347333	53446.56837985448
136	1530.4084206403672	11102.713808297081	642313.0718201258	21303.430407144308	15388.169084935267	251366.775521003	5771.030123652849	6866.909465952283	53767.22606126196
137	1602.0139341303232	11341.954968781616	641563.2267905268	21286.31265026196	15238.590890934804	250599.2824262042	5750.407766915809	8352.877368352198	54078.763937744436
138	1564.1874939953386	10801.549740850234	642733.2138297082	21269.557464492078	15261.794007973518	250955.53343898934	5759.820730139461	7431.221277134286	53977.38230101427
139	1469.125792490227	11362.82071899662	641364.3571143531	21276.318730091654	14813.727306057079	251757.36999808322	5757.499049528336	7750.540673788884	53487.53391592873
140	1375.82561017022	10957.113952193555	643414.8955175295	21315.306282109876	14932.797484978413	250944.8125206742	5763.9171088548665	7677.70604706352	52922.888554212914
141	1810.081932272261	10702.955740055872	643541.8190686038	21333.74792766598	16408.0203874748	249574.24101451243	5753.598126789572	7830.735873454213	53549.37334993783
142	1416.459372398488	11459.005405227583	641142.5851749573	21282.02468186639	15123.98161287588	248059.87763908648	5738.878364547049	9643.15537708007	54251.425486785694
143	1402.2234574938202	10958.073259452043	642881.7313172047	21122.937983922875	14306.823158902125	250050.21719956968	5764.284335075012	7968.149031218406	53404.71350858735
144	1671.3135616845566	11532.913025473326	642473.6553915419	21184.58509611663	14860.125595354351	250448.41336213387	5763.598985241188	7614.956327067575	52736.72077102386
145	1482.3962514014681	11242.641015701014	643176.3835173141	21129.586405565635	14007.41622114388	250620.8365685278	5764.8127634159155	6423.130751980259	53588.52817602524
146	1459.5336617205626	11700.825414603318	643234.356465425	21108.06242380696	15098.941664702741	249614.31362892775	5762.521574250765	7247.224705237395	53164.95169825352
147	1210.126420651803	10754.975447631377	654445.7922888034	21114.21841514184	14340.342327245098	253875.5129172881	5865.615961410496	8380.039828588157	53031.14965748134
148	1596.0304547357919	11319.201409286561	641849.5993639117	21156.99209316919	15272.61118245164	251810.3249159205	5850.359053190791	7387.159728266179	53256.99092550959
149	1406.9710908980248	11904.766648758701	651018.3665468825	21237.45660400156	14476.147689351365	255520.32410876238	5933.5492582661045	7880.845306658286	53110.16364206003
150	1433.2841655997297	11841.247473780684	643480.5559861542	21208.324289329696	14870.590864315302	251271.61545573635	5851.421964337893	7083.818587050135	53229.977362882695
151	1435.085265765152	11544.855353745657	642717.7767381723	21162.620909905752	15044.021287950178	251250.07231458253	5824.970365300017	8299.254975957423	52770.85843441906
152	1323.9494335233628	11481.404897150755	643838.781965251	21156.100995644614	14415.404462718046	251902.58324620678	5818.842156437954	7234.044124771861	52717.79710290004
153	1422.4653100290577	11291.357063408064	642486.3933841794	21110.46428177844	12682.357240791196	254157.6646169823	5828.761714591772	7146.145038389033	52335.35748007259
154	1830.3703700219571	9665.41071327168	642648.503157802	21164.848990018767	14322.258227968057	252882.2845631438	5827.992588769462	7179.284548703606	53381.27035386351
155	1238.2529100443767	11772.207395526584	641405.0077683346	21151.717299588683	13023.324077012137	253886.12557542705	5805.854492238684	6785.575544472223	53037.554001814904
156	1472.3507675830654	11659.462098508513	642262.5110651539	21218.582723793246	14541.858134708205	251586.0263732661	5821.740531446829	7420.771406902127	52834.63964561945
157	1421.3892631561148	10362.25170063048	642482.2516585502	21093.646111875318	13454.253582132123	252207.8330077579	5808.54750767976	7672.29259932261	52852.956944946694
158	1138.4666010713913	11906.083946467134	640415.7934068544	21082.716366487253	13067.161911420397	253373.37990762203	5812.006821410432	7280.251052738902	52732.099929510376
159	1507.971562333908	11969.275099508293	641123.9122636891	21110.40819553882	14121.258642883073	252486.96648611582	5797.14585049096	6257.486000614656	53292.40989121293
160	1727.4173420438858	11218.66321632751	640985.2390755194	21067.274562755538	13498.676326476434	251923.68086233502	5784.960197929245	7815.150466977108	53082.248290218675
161	1125.4038836110403	11733.717727782838	653954.2768849477	21011.852738611527	12436.602965067792	253849.01064609512	5986.915680431358	8361.049942780946	53254.3472499737
162	1088.3212471333668	10711.107975085946	643914.6890830438	20994.15206463635	12631.350019136104	252670.80980341267	5881.626677888394	7040.637030271237	52933.95813970026
163	1154.5972459178063	11992.562609067318	642243.1889051619	21004.446810826255	12744.271610452684	252435.5669785877	5897.445665343115	7479.591075014809	52975.85588615949
164	1469.999998082342	11920.952445798657	641509.5798846475	20935.265119367443	14686.318652121463	251340.10024524262	5842.24177572435	8109.3333928216625	53158.6386824326
165	1310.2096960446963	11248.557120520622	641904.6154932764	20987.628280472523	13291.928942973394	251902.32473549317	5846.752911111039	8427.295735308038	52672.265932844406
166	1513.0363793350175	11980.081216487817	641002.0672612244	20974.00819759848	14518.292910643466	252564.16317372353	5873.17187409607	7878.50851108224	52549.53059973898
167	1318.4395471421524	11161.831724451271	642664.6539111189	20945.292147033655	13427.17699894564	254112.00841080915	5870.557089549429	6756.435690392152	51974.76771200065
168	1424.9381957638152	11474.886991951133	642032.7128152219	20971.924199914767	13756.177876815731	251877.2450962599	5880.164770428129	7870.615413259078	52633.823823750216
169	1246.113240858825	12439.526200312861	642382.5073424954	20945.71296283703	13894.217224908558	250755.7903561295	5865.219250642293	7084.541554801443	52841.92848742478
170	1411.5138592651538	11750.915698415187	644579.7355880322	20947.046400575484	12961.394719599568	250495.6513738951	5849.65614429358	7594.365911279153	52241.320158955226
171	1527.0244619532482	12146.305899972811	641507.2104638192	20946.0599742924	14239.47333610271	252422.25123338966	5870.560084616604	5952.083838913491	52538.322012507495
172	1331.0107433411358	13031.64311316588	639109.0950381833	20940.23790505132	13580.255015187768	251900.46404360942	5822.342561445615	7901.111639809382	52851.58680237844
173	1510.5107551236244	11484.58562471226	642452.490515604	20936.51519272541	13624.739266273462	251277.1147499739	5810.182442025847	7728.372920700351	52049.58866362544
174	1275.8973044972095	11549.445125134329	639530.523104492	20942.41466430404	13304.402592871438	253235.901472361	5816.751356450023	7677.212724320595	52869.468531291895
175	1405.763272441723	12051.496440005485	640782.0747630113	20939.055707666776	13330.909354157857	253585.9061931187	5791.56841410119	6608.038848466295	52632.992066932406
176	1646.5189140953516	11246.89096998318	642813.3931111454	20972.105816675557	13285.758961072544	253807.49935776385	5809.623848693166	6547.812094416279	51490.253590947956
177	1280.4989152660885	11308.464802938992	642091.6651173037	20915.765958445732	13483.96400329028	252464.8701460128	5787.169751352802	7173.145178072246	52209.01357296441
178	1333.1695204219295	10925.960468754643	640682.107286311	20915.7423499555	14195.408296628737	253166.89561639872	5787.577269799682	7130.526543138799	52027.38245451154
179	1469.4495074577756	11850.408226883455	642900.687026558	20916.25887200335	13128.369272646474	252300.0965676373	5803.170188638748	6550.3381489903095	51898.12136619462
180	1437.7144551572308	12085.803957297809	643290.1592090989	20971.716245509517	12516.40808278076	250666.79997690505	5801.860292800433	7481.6486139316985	52275.583196108215
181	1615.410420465713	10505.554709135875	641413.8222272447	21094.997856825066	13504.297746891534	253713.08707151303	5830.569185815024	7994.2182893722675	51932.737483381956
182	1238.5730249830003	11673.857061441917	640837.8832331719	21132.40715481604	12422.92588328926	253434.1111431008	5827.962392119933	7653.20208369868	52280.703719286474
183	1697.2481346756	11642.596339007601	639887.9384078026	21162.349917612373	12758.223838012242	253645.10945733165	5849.461538289344	6412.674296621084	52223.328315450264
184	1423.9854616361536	11462.340494343602	640545.0250472734	21148.685282210405	12005.727886937222	253042.31699808897	5843.066440944207	7011.690793773327	52410.50300531834
185	1338.8770487105426	12020.960299664952	640485.2481977992	21189.00274699173	11877.360154586051	253960.9578423436	5802.573402787514	7240.99816011143	51911.878116474974
186	967.5603267094768	10644.580313374008	641040.6847938269	21142.293726733657	11061.331708293046	255670.10240628623	5824.368513867218	6964.228731690607	51726.504339724685
187	1487.9356452346253	11151.1971988972	642847.8831939319	21082.386406661153	13053.640811158053	252202.96784428763	5772.675431267771	6998.463773601227	51716.44581045262
188	1247.6822189694285	11346.422530673924	642808.2053521426	21125.11463872125	12211.42281514616	252118.1863624194	5782.2222745516065	7446.187928763331	51410.449008927906
189	1235.1872638286131	12048.870215699248	642497.7297431222	21063.23411428002	12710.14484968842	252586.84471240727	5762.026156450843	5987.09479795203	51704.67986524379
190	914.2647527343969	11575.784711600212	641853.302180902	20946.095547013945	10983.383206490505	253406.1248579267	5818.908042583066	8368.130747844436	51267.91172047309
191	1248.468160176496	11827.289910258467	639952.9911269872	20925.733897825707	12577.765034212456	253874.00980845076	5794.742897283777	7495.741125180658	51392.87608686775
192	1336.1404818718352	11932.14560152904	639998.4225061084	20906.290109173293	11389.681437527854	254593.5011384872	5774.40010395338	6670.036657380362	52254.00769727113
193	1188.3241180331108	11327.565876583254	640727.848368085	21014.487921013275	11165.11722302971	255232.6388713471	5754.523136750705	6992.380322574008	51669.37446408153
194	1062.763700357046	11270.123219100531	639566.4414894863	21010.377633267402	11505.036052685542	256520.24974931192	5741.077138617747	6935.1350742819695	50982.659182506315
195	1205.3970758896608	12762.771820193218	637747.9860860824	21058.032990841362	12027.38886225074	254515.9812903487	5732.119338893015	7871.450688978944	51960.52109647895
196	1187.4935605561157	11354.462082218231	640289.1460220357	21011.34780125378	13041.848713943624	254203.631599899	5724.312415717788	6395.077254990088	51623.04367891688
197	1359.5937888462418	12179.847263837675	639969.2347695421	21017.419719475885	12493.686811683358	253319.80066038689	5727.386793710038	7356.697973973479	51826.59371611226
198	1154.5408325286357	11856.420758527358	638918.5988980379	21046.427747115136	12122.742171078735	254806.66431878845	5761.295014129331	6114.654837814918	52787.322768739396
199	1066.810654949088	10798.320829665872	647510.6031926267	21053.09829304729	11839.60125458682	259115.43465866815	5831.38426186454	7876.744134350798	50639.34476309366
200	1130.6090188173903	11750.774565872922	639236.469250276	21124.052450628744	11867.237475459006	257370.67228897446	5861.83269778924	5632.831121036202	51622.487229381855
201	1141.5492084988475	11933.505639374689	638815.3674651486	21131.756071065553	11238.120629246641	256280.46216089255	5838.9757804524825	7161.256308676933	51311.9237784162
202	1347.277552116189	12315.206190425442	638591.528058913	21070.56235416122	12731.288103555211	254854.51953995324	5839.956542276202	6732.182787767903	52265.76705568831
203	1199.5628217166332	12697.45640814027	638486.8067434758	21050.542982464365	11738.340836543899	256330.57965818554	5821.59428800576	7649.470818282062	50121.51352511597
204	1178.5887173108529	12691.321609031082	638014.6777682618	21061.73632238149	11484.031895137921	255584.0495497171	5853.63626624356	7161.584983899945	51453.87432673988
205	1319.3383227646834	11951.582909610108	636305.5815905748	21044.250457485778	12651.98157276313	258260.03788140716	5833.54871238117	7038.62913464663	51248.6556053889
206	1173.1773251957204	12458.110332530207	635844.850438311	21086.475661247234	12097.51842352912	257248.1877825471	5820.076077028961	6920.798954391799	51998.677441238426
207	1165.9443612099253	12011.998183041964	637924.4226807677	21049.507832506344	11629.150328458421	256473.09378502678	5858.06673059807	7672.677035116454	51450.34835389743
208	1523.0100256663864	11244.815026098768	638716.271211935	21081.416709411227	11935.119369350426	255876.02752001103	5842.181187119802	6438.754287144981	51511.31156069985
209	1045.3222080261985	12108.357402684233	636303.4625103967	21051.014023032316	12248.460243681426	257943.00846951222	5858.498728537344	6373.486229287005	51951.708330305926
210	1177.4682634266055	12158.081390516458	638132.8842199061	21018.928774610817	12200.584707645512	255138.29487645728	5804.5512937125495	7362.320263421626	51397.3502836988
211	1272.2577882028163	12195.950835165955	637919.0749467185	21042.382303959446	12559.184646163061	255578.41463031518	5813.927772816401	6649.596896510566	51412.77924845524
212	1440.9846916792183	12620.81825374911	637011.1298150639	20939.37975431292	12707.451425326388	256030.11508687504	5791.535180120337	5842.637478124453	51793.277276189096
213	1301.8132548606652	11607.343722345939	636983.3613365203	20921.796096403687	11670.366341111085	256924.7714639322	5829.651746166167	7592.935141931898	51482.03273921024
214	1319.0780339199341	11781.18338514004	637660.1478451724	20977.41436222831	11541.850407563557	256174.15679719637	5825.465787548452	7131.9428858309775	50703.41653048219
215	1175.5108700930252	12424.595996549198	637883.3190549468	20953.446897280308	11537.754698629433	255220.60051349516	5834.033276454919	6593.076129626631	52223.20363345641
216	1155.6086172628077	11413.543995708294	647336.4642373599	20915.260742340055	10477.047440536964	256780.7648589737	5937.439257649612	8105.044123738923	52371.693762544295
217	1278.7112448852372	11733.409765009996	636964.9787868094	20898.789140629025	12575.905899513804	256268.04354523693	5893.275223312209	7838.9310513511955	51677.11803571787
218	1200.386657213242	11088.58512298628	640754.5060023929	20899.51136175637	11306.011223975265	253259.0274809975	5881.101075649236	8479.967304005564	51216.62560597431
219	997.8516339544493	11877.961188147206	640212.2360944671	20864.2058754948	10555.733435710483	255159.88121617035	5877.883402730035	7211.648652156181	51418.90975888367
220	935.6167839500288	12330.313494535736	639223.0846068985	20856.810277759454	10332.780947205849	255044.5664522354	5884.431331621671	7398.7485828266235	51408.89764658483
221	1251.2547020949294	11710.115615248109	638938.4829279652	20871.441961296463	10552.421638283276	257753.9845108599	5834.685625136448	6607.453276901558	50407.72190920994
222	1098.0709243832066	12133.862947160493	637789.5637902087	20887.729260442673	11231.52506920071	256867.40298932279	5839.26170300702	6433.099507361952	50967.633880904184
223	1288.9933421757516	11090.603999319874	639415.9970547738	20889.860492295396	12055.203223105053	255593.01174226063	5820.165704873495	6691.917862876249	50916.507697467474
224	1188.9862798966244	12373.786407844655	638101.7725235174	20912.565419761835	10984.929644432203	256067.27879784736	5841.425384338465	6274.481037755163	51725.91794206296
225	1344.361560510116	11980.235812606283	637490.6946607819	20892.53264060861	12509.012643781163	255875.85533481924	5815.269028978717	7333.227644130474	50735.7213354488
226	1220.2213137103392	12094.53950486099	636617.9587275799	21008.009778391497	12424.14276649553	256247.87299285256	5825.438139386341	6682.883108289658	51104.09709616902
227	1215.8838613618582	11955.797996509542	639046.8231193665	20983.00632137823	10968.847285993174	255358.8525425684	5847.661494173748	6380.3328583134835	51438.30568673909
228	1203.0588438527745	11361.13076150045	639327.3196047691	20910.094533561893	11914.380632790924	254170.67539526007	5785.429795746921	6827.3087781061495	51231.31716393992
229	1224.2467286552192	10825.537943086523	640182.3728494545	21031.3983924468	11529.447731075064	255279.88918071694	5804.042397909255	6980.571341082289	51307.04691546089
230	995.891723196425	12156.12574931805	639790.8920181234	20932.297401643784	10402.65200684882	255757.63814214754	5825.645195923694	7297.129510454086	50308.047364653015
231	1015.1404482361497	11243.831402645428	638384.0272416793	21161.523881556062	10716.459905523221	256170.6925025572	5850.339428073347	7268.44612487022	51266.14141512313
232	1111.5316831123419	11975.989681221858	637915.1278619232	21139.742104746045	11384.323441346716	256538.67119508996	5877.199247400873	6503.108433824301	50928.297663162375
233	1191.6484347577375	11739.49407612823	638226.8435235394	21028.135320242607	10707.099163801897	255400.1601984319	5852.044784021427	7684.117441714791	50426.317934185296
234	1321.4378323046612	11803.398371401068	637528.1556097637	21117.96365297874	11460.840067875784	254940.43362379176	5789.025607333291	6832.127181467418	51507.779284197146
235	1158.1424048284537	13153.883097477423	637945.30312378	21056.71347126915	11500.01527969169	254458.83556333423	5814.553042481503	6829.457053569145	50360.643729689495
236	1035.9245313509307	11821.540007756968	638022.4831704182	21005.300409537092	10661.984762503143	254775.70911649556	5852.683564829029	8266.51040518822	50698.026468633114
237	977.469108620849	11923.529461797507	639002.7838710312	20992.5404955973	10900.37612149581	255340.18092210728	5833.936792784112	7120.097172890917	50450.15975744681
238	1141.438963820232	12698.663988703229	636114.2377983123	20898.82391938575	11162.113282283019	256244.5085645634	5845.776707198392	7314.10240342388	51407.799244746675
239	1304.9421043892594	11904.330876641428	636779.8310036204	20853.981563573987	12202.103339561923	256481.18917557126	5840.092400125362	6486.461533502894	50947.73011279809
240	1299.9033193493738	11211.471691359191	636684.0557508676	20920.10903354652	12152.331718196958	257479.03825843174	5865.843007992387	6959.87943996097	50255.408432946424
241	570.4571525040935	9037.160107566553	645472.7776231656	20898.04497204081	7822.71583305111	261538.65464515236	5895.882385941096	2984.8762139658643	47008.46773881652
242	544.3522446683156	9077.80223750458	645890.9883748423	20816.7907221336	7635.520924849468	261352.47293351992	5901.1445191534285	2943.9296006445043	46934.27377321423
243	535.5655371402602	9080.028977964663	645915.0616777632	20815.707358823387	7500.692874969929	261289.1589249428	5902.2166783837365	2894.3253995677496	46858.689526490656
244	541.7142457291789	9085.789146255005	645538.7805885626	20805.909498390356	7392.561027250698	261858.73855006805	5903.0312955089275	2856.1612368203414	46818.50948988062
245	563.0773809495491	9052.85484243631	645120.7562486493	20798.080236318347	7433.289333887965	262181.74211708986	5905.970414983365	2819.2603104638206	46779.93306755878
246	559.772720421618	9038.85856455153	645464.8925410723	20794.114718937824	7400.904034555896	261740.7888742202	5909.308806931868	2796.677438462287	46718.64318087924
247	557.7824651628036	9090.081151203527	645258.0158418966	20789.474611926515	7374.4941620788295	261818.7506219807	5910.731300136915	2761.9740512218264	46672.18128438171
248	557.7824651628036	9096.403812234865	645094.5938276937	20789.474611926515	7374.4941620788295	261932.08926121576	5911.433888731572	2768.7961024241868	46671.239638940904
249	557.7824651628036	9101.564271384172	645670.438441971	20789.474611926515	7373.567635190454	261311.53082299387	5912.318721756645	2739.158013332041	46680.50962525011
250	557.7824651628036	9095.972252274954	645418.42590974	20777.27561337072	7326.5275286429	261563.86127293052	5924.113975061733	2731.6126946783793	46678.94258193108
251	557.7824651628036	9097.751003071719	645439.046478322	20792.165720295685	7326.5275286429	261484.6275819443	5927.290511682876	2724.5246551885284	46666.72363454094
252	557.7824651628036	9092.034537845007	645892.8392041875	20790.42349469527	7326.5275286429	261071.0975264606	5927.290511682876	2706.171389520137	46675.88030839874
253	559.8646389202237	9083.980989832424	645773.5457279347	20783.77012375659	7316.433306467976	261171.06019749885	5927.290511682876	2706.171389520137	46669.21723848621
254	559.8646389202237	9083.980989832424	645626.2720154667	20783.986780429834	7299.38764918049	261171.55264673656	5936.379012687575	2710.7711924085456	46674.24592231778
255	559.8646389202237	9099.684515859408	645495.8224055717	20778.793568755962	7301.188598786815	261219.39786099433	5936.342228133695	2726.8807214143335	46668.72957130765
256	585.9092747717654	9111.427812280945	645352.6426783545	20777.8092347112	7214.649728687027	261432.239950065	5937.591990925816	2712.6802127570913	46642.89030616868
257	613.5530158803525	9106.421686378873	645240.8095049877	20775.259168656623	7248.382343800914	261403.85186862518	5939.443048587671	2690.856517224022	46634.131567294266
258	613.5530158803525	9106.432891026778	645196.1465257992	20775.259168656623	7248.382343800914	261285.10174743005	5939.00738194876	2707.421803107272	46641.690480563506
259	613.5530158803525	9105.738105199474	645193.8093750083	20776.912795789023	7248.382343800914	261267.02740161042	5939.952246792174	2705.1925532169203	46643.80982400596
260	613.5530158803525	9111.600419586623	645268.6128381562	20771.747298084752	7248.382343800914	261122.8268081582	5939.746572017289	2707.283460563589	46637.83058940476
261	612.0215129188755	9093.349948339795	645276.1598347762	20772.128251775488	7226.771759561938	261088.69219163217	5941.452108527668	2680.4864641183367	46642.83470417907
262	612.0215129188755	9118.421080024447	645036.5323784342	20770.267312878572	7226.771759561938	261237.99093973928	5950.2624111134855	2682.187067689909	46622.14263354825
263	612.0215129188755	9121.347291688673	645065.1647528482	20762.125947273387	7207.475673477292	261233.3527423223	5942.76300302203	2678.4254175952506	46614.316653223104
264	612.0215129188755	9121.347291688673	645005.6704414217	20762.832623657774	7187.926214488908	261305.4608322599	5942.76300302203	2678.4254175952506	46612.32854295075
265	612.0215129188755	9113.670451073203	644948.6463041814	20761.86478820831	7187.926214488908	261273.28223723944	5942.76300302203	2682.5603908930116	46611.0507695846
266	610.0177056229895	9113.670451073203	644987.7987002847	20761.684737343432	7189.981571546122	261189.02063119758	5942.800879103512	2679.2057382150283	46604.62836576511
267	610.0177056229895	9113.620833515759	645117.9086124455	20761.659919781992	7189.981571546122	261011.99067398402	5947.60555919517	2679.4890469141683	46611.524182372676
268	610.0177056229895	9080.174086165445	645162.4569175896	20762.413603741297	7189.981571546122	260975.65875106858	5952.261544807001	2675.0183237207266	46617.351607526434
269	610.0177056229895	9089.291316683026	645104.3510546328	20762.366058810167	7189.981571546122	261036.2600822143	5955.7965013642715	2675.0183237207266	46611.71184540014
270	606.4849262486665	9097.354388088028	645025.5209451339	20761.310977484045	7146.076343925154	261133.84314255894	5955.7965013642715	2662.133926985275	46609.26517890448
271	606.4849262486665	9097.354388088028	644903.9588200739	20759.29391703329	7146.076343925154	261207.75734872717	5955.18779824909	2668.04341672419	46605.07256498965
272	606.4849262486665	9091.897536265362	644720.6419872161	20758.18680042843	7146.076343925154	261349.7761606531	5958.568008420529	2673.3012501622666	46606.59462017896
273	606.4849262486665	9091.897536265362	644566.3477977775	20757.856511266546	7140.385858322441	261437.62910681608	5957.871131338564	2665.2317978803594	46601.245161074665
274	606.4849262486665	9113.265510789703	644542.1455565304	20757.985985143765	7140.385858322441	261429.8763577396	5957.031382614227	2671.8225305919655	46596.38897412955
275	606.4849262486665	9113.265510789703	644534.2663393896	20757.974730757745	7163.180454556722	261350.8135363862	5973.231817147854	2671.8225305919655	46598.70209074939
276	606.4849262486665	9106.505808465961	644499.2514360653	20757.974730757745	7163.180454556722	261326.80512661094	5980.820915791666	2680.533486268527	46596.92686135925
277	606.4849262486665	9106.505808465961	644420.1439020592	20754.035957589036	7163.180454556722	261405.2359582431	5979.225152574735	2688.733734221138	46586.6267654242
278	606.4849262486665	9121.334482389393	644358.113198997	20747.914438391286	7163.180454556722	261371.45861156812	5979.225152574735	2693.9526845438854	46569.591817459666
279	606.4849262486665	9114.744998457249	644168.9165887707	20748.919949551164	7164.941451282224	261464.4805845228	5979.315912618762	2689.6642778525515	46578.42439526361
280	606.4849262486665	9120.724390381358	644066.138263739	20749.122118108844	7164.941451282224	261477.09228473305	5976.652970131717	2689.6642778525515	46572.15260823842
281	606.4849262486665	9120.724390381358	644083.2956693401	20748.813927194788	7164.941451282224	261452.55246590477	5978.472393138776	2685.8341344813034	46567.792516602865
282	608.5151973383994	9106.55595657993	644025.6741989263	20744.83513142963	7166.798227595372	261498.96681753648	5982.03191652901	2684.4244088319765	46572.366148272944
283	610.5847645229401	9124.282395213257	644011.4445374404	20744.638811119385	7195.338454255963	261427.03212433888	5974.789149496586	2680.963347855897	46567.77345267328
284	610.5847645229401	9112.96653688151	644052.6955278824	20744.500215669937	7214.471755454757	261325.54159286487	5974.789149496586	2684.12367476445	46561.871979816606
285	610.5847645229401	9112.96653688151	643912.8269990379	20737.404747449764	7213.981522126223	261403.12265667316	5972.308220123103	2677.8296149699636	46566.77567269101
286	610.5847645229401	9112.96653688151	643675.6028518531	20737.978235795377	7213.981522126223	261624.05988524648	5972.308958263581	2676.299930256358	46565.39767927124
287	610.5847645229401	9112.96653688151	643659.6405324411	20737.978235795377	7213.981522126223	261596.7046424525	5971.071111243823	2678.5776767005136	46560.35910997974
288	610.5847645229401	9119.84120148364	643596.9435490791	20737.78159096599	7213.981522126223	261620.77480152657	5974.480179884355	2676.326703977302	46559.17969087195
289	610.5847645229401	9126.600903807379	643561.046505503	20737.78159096599	7218.813975418972	261658.79112750152	5962.773402607899	2676.326703977302	46555.20024230536
290	610.5847645229401	9126.600903807379	643886.6604522449	20737.999787002773	7218.813975418972	261297.3666456081	5962.98192050718	2671.7023494926566	46558.857498381214
291	610.5847645229401	9126.600903807379	643777.9953641954	20737.999787002773	7218.813975418972	261327.1245077393	5965.186600595419	2669.876701058856	46555.78293433323
292	610.5847645229401	9126.600903807379	643723.9680097013	20738.20648156392	7218.813975418972	261434.46395922103	5965.186545598188	2669.316912353084	46558.056250926966
293	610.5847645229401	9126.600903807379	643666.8736389208	20738.515955453302	7218.813975418972	261431.86987438097	5961.227911181336	2669.316912353084	46558.056250926966
294	610.5847645229401	9126.600903807379	643667.1155419848	20738.448526208493	7218.813975418972	261369.3923978969	5966.360617839375	2670.9924194597743	46555.35683549121
295	610.5847645229401	9126.600903807379	643645.8059096463	20738.448526208493	7180.3616735635205	261362.81645084906	5974.5266829471775	2670.8983585966585	46551.69337547468
296	610.5847645229401	9133.894673006676	643547.0455973954	20738.448526208493	7180.3616735635205	261421.41731189666	5977.194606255717	2685.5580883154958	46548.34191297803
297	610.5847645229401	9125.268159981008	643499.298389034	20734.66520429002	7180.3616735635205	261418.958040555	5976.540438312372	2685.5580883154958	46555.655994644134
298	608.5151973383994	9119.138671179899	643402.3533432912	20734.67087805772	7142.016247484594	261492.94196674152	5981.3113377348345	2688.820203553516	46552.38374158673
299	608.5151973383994	9113.303865089094	643385.6820888167	20734.67087805772	7142.016247484594	261525.54248648905	5996.611478859742	2688.820203553516	46561.82722446919
300	608.5151973383994	9113.303865089094	643379.4863369317	20735.41114156145	7142.016247484594	261515.59626016178	5997.658979793134	2688.873407691211	46567.09613154252
